2 0.52421900 0.36354200 0.39218800 0.13125000
4 0.41015600 0.92187500 0.22343800 0.02291700
4 0.34843800 0.34791700 0.34687500 0.15833300
5 0.27109400 0.74166700 0.20156300 0.11666700
2 0.47265600 0.28645800 0.34843800 0.13125000
2 0.41406200 0.32395800 0.36250000 0.14791700
4 0.44375000 0.22708300 0.39375000 0.16250000
1 0.42500000 0.27083300 0.34687500 0.17916700
0 0.41250000 0.20104200 0.33750000 0.13958300
3 0.29843800 0.70833300 0.19687500 0.06250000
2 0.26250000 0.32604200 0.31562500 0.07708300
5 0.40078100 0.84895800 0.22656200 0.04791700
1 0.52578100 0.25104200 0.40781300 0.20625000
1 0.40390600 0.93854200 0.23281300 0.03541700
3 0.45078100 0.30000000 0.40156200 0.17500000
5 0.35546900 0.87708300 0.21718800 0.05833300
3 0.23906300 0.71562500 0.19375000 0.15625000
1 0.27812500 0.70416700 0.15625000 0.13333300
2 0.29687500 0.45000000 0.32812500 0.24583300
3 0.39062500 0.52916700 0.34062500 0.06666700
4 0.45078100 0.32604200 0.30781200 0.17708300
1 0.43203100 0.98645800 0.20468700 0.01875000
2 0.37578100 0.99062500 0.23593700 0.01458300
4 0.44453100 0.41250000 0.44531200 0.12916700
0 0.53906200 0.35520800 0.33125000 0.13958300
4 0.41328100 0.31354200 0.34531300 0.13125000
4 0.72968800 0.96458300 0.14062500 0.02500000
4 0.27734400 0.18229200 0.37031200 0.29375000
1 0.45703100 0.29062500 0.39531300 0.13958300
3 0.51484400 0.33125000 0.33281300 0.15000000
