2 0.88203100 0.31875000 0.23281300 0.35000000
4 0.13906300 0.91041700 0.27812500 0.05000000
4 0.75000000 0.15416700 0.49687500 0.30833300
5 0.08984400 0.59062500 0.17968800 0.26041700
2 0.81796900 0.18333325 0.33906200 0.36666650
2 0.78437500 0.18125000 0.33125000 0.36250000
4 0.88046900 0.14270825 0.23593700 0.28541650
1 0.79765600 0.13854200 0.40156200 0.27708300
0 0.74687500 0.10729200 0.27187500 0.21458300
3 0.09140600 0.54791700 0.18281200 0.18333300
2 0.62109400 0.11145825 0.39531300 0.22291650
5 0.15859400 0.80625000 0.29843800 0.07083300
1 0.93750000 0.21250000 0.12187500 0.42500000
1 0.15156225 0.94479200 0.30312450 0.02708300
3 0.89765600 0.20625000 0.20156300 0.41250000
5 0.10234400 0.82604200 0.20468700 0.05208300
3 0.09453100 0.52500000 0.18906200 0.33750000
1 0.06484400 0.51458300 0.12968800 0.28750000
2 0.69609400 0.26666700 0.60156200 0.20000000
3 0.68984400 0.41354200 0.44843700 0.33125000
4 0.71718700 0.20625000 0.41250000 0.15833300
4 0.92265600 0.33645800 0.15156200 0.36458300
0 0.76640600 0.30104200 0.24531200 0.29791700
4 0.78515600 0.17708325 0.42031200 0.35416650
4 0.38125000 0.99270800 0.06250000 0.01041700
4 0.83984400 0.03020825 0.31718800 0.06041650
1 0.87343700 0.19583325 0.25000000 0.39166650
3 0.78593700 0.25937500 0.31250000 0.37708300
