2 0.52031200 0.74479200 0.17812500 0.06041700
4 0.69218700 0.55520800 0.61250000 0.28541700
4 0.61250000 0.71979200 0.26250000 0.08125000
5 0.88828100 0.47812500 0.22031200 0.26458300
4 0.16171900 0.95208300 0.32343700 0.09166700
2 0.53515600 0.64687500 0.22031200 0.07708300
2 0.55781300 0.68125000 0.25937500 0.05000000
4 0.54218800 0.70416700 0.22500000 0.05833300
1 0.55625000 0.66354200 0.25312500 0.06041700
0 0.56250000 0.56145800 0.24375000 0.07291700
3 0.87265600 0.30729200 0.25156300 0.41875000
2 0.69062500 0.62812500 0.26250000 0.13958300
5 0.71640600 0.50520800 0.56406300 0.28125000
1 0.51406200 0.73229200 0.16562500 0.05208300
1 0.70156200 0.69791700 0.59375000 0.32916700
3 0.53750000 0.73958300 0.21250000 0.05416700
5 0.79687500 0.38020800 0.40312500 0.33958300
3 0.90312500 0.54270800 0.19062500 0.19375000
1 0.92265600 0.26145800 0.15156200 0.38125000
2 0.65390600 0.78333300 0.26406200 0.05833300
3 0.58828100 0.77604200 0.28906200 0.13125000
4 0.54609400 0.60729200 0.25781200 0.09791700
1 0.62343700 0.80833300 0.73750000 0.24166700
2 0.73984400 0.86145800 0.51718800 0.14791700
4 0.54843800 0.84375000 0.20625000 0.06666700
0 0.46328100 0.61354200 0.27031300 0.05208300
4 0.56406300 0.67500000 0.25937500 0.09166700
4 0.12656225 0.75312500 0.25312450 0.36875000
4 0.63906200 0.71145800 0.24062500 0.02708300
1 0.54140600 0.73020800 0.21718800 0.06458300
0 0.18750000 0.96354200 0.37500000 0.06875000
3 0.50546900 0.62500000 0.22343800 0.07500000
