2 0.82329900 0.65935700 0.16592600 0.15294300
4 0.11238800 0.83614500 0.16275300 0.08243100
4 0.83757300 0.55712900 0.15136500 0.18142600
5 0.29373100 0.55945100 0.30677400 0.20304300
2 0.79500500 0.54483300 0.13925900 0.19612100
2 0.81579800 0.55697100 0.16210500 0.16098600
4 0.87793800 0.56312600 0.15612300 0.13834000
1 0.81876800 0.53190800 0.13187900 0.17160800
0 0.78747600 0.42885900 0.15529000 0.18857500
3 0.24359800 0.49920900 0.26603900 0.15589900
2 0.80079800 0.41008500 0.15292100 0.30244200
5 0.19153600 0.75398200 0.15465500 0.06812100
1 0.86571400 0.62401500 0.19389900 0.16887900
1 0.16857500 0.88047000 0.15266500 0.05664200
3 0.86212300 0.61454600 0.21141900 0.14737600
5 0.07896800 0.73078600 0.15793300 0.06137100
3 0.36167900 0.54148800 0.35001800 0.20273700
1 0.20882100 0.45866600 0.33034600 0.20988600
2 0.83319000 0.62340700 0.17969600 0.08670600
3 0.75961900 0.66864400 0.14457900 0.22528400
4 0.73532000 0.52507500 0.13612900 0.12213200
1 0.16704900 0.95659100 0.15562600 0.04771200
2 0.14131800 0.95749900 0.17667900 0.05154900
4 0.89488400 0.72374200 0.20710600 0.10436000
0 0.71763000 0.57922400 0.13415600 0.13983900
4 0.80809300 0.54108800 0.13470100 0.21772800
4 0.93231100 0.48177300 0.13225400 0.15755900
1 0.86278800 0.60341100 0.15165900 0.18149800
3 0.74352300 0.56631400 0.12228100 0.21558100
