0 0.73515600 0.68645800 0.21093800 0.06458300
2 0.18906200 0.56250000 0.20000000 0.20000000
3 0.17031300 0.56979200 0.15312500 0.13541700
4 0.30703100 0.81979200 0.22031200 0.04375000
1 0.86640600 0.91979200 0.17343700 0.10625000
0 0.57890600 0.99583300 0.09218800 0.00416700
1 0.64140600 0.97500000 0.22343800 0.00833300
1 0.31953100 0.89270800 0.20781300 0.03541700
5 0.13281200 0.64375000 0.17812500 0.12083300
1 0.08984400 0.49375000 0.17968800 0.22500000
1 0.20390600 0.47708300 0.13281200 0.11250000
1 0.72578100 0.71250000 0.18906200 0.06250000
2 0.85468800 0.98645800 0.16250000 0.02291700
4 0.18828100 0.65833300 0.13906300 0.11666700
2 0.83906300 0.90833300 0.16562500 0.06666700
1 0.69375000 0.97812500 0.25312500 0.03958300
5 0.97734400 0.99479200 0.04218800 0.00625000
5 0.20468700 0.63333300 0.20625000 0.17500000
3 0.20312500 0.55520800 0.14687500 0.11458300
5 0.32656200 0.74895800 0.21562500 0.08958300
4 0.37421900 0.76770800 0.21093800 0.06875000
1 0.25703100 0.87812500 0.09218800 0.04791700
2 0.15000000 0.57604200 0.13437500 0.17708300
1 0.72890600 0.73333300 0.22031200 0.05416700
