3 0.70210700 0.95109700 0.34158900 0.09090300
2 0.58376900 0.89806400 0.31405400 0.03594000
2 0.94765600 0.82682200 0.10156300 0.08679600
0 0.68148800 0.49276700 0.27473200 0.10322100
4 0.08202200 0.54694700 0.16403800 0.15052300
0 0.66721700 0.94024900 0.30998900 0.07048900
1 0.91249000 0.64648000 0.17189400 0.24449100
0 0.55038800 0.88414600 0.26009000 0.05196000
1 0.54609900 0.84285900 0.26373800 0.03277400
1 0.08908000 0.67045300 0.17802200 0.11146600
0 0.92911100 0.94161900 0.13865400 0.02551500
1 0.65625500 0.53954500 0.24765200 0.09742700
2 0.90746500 0.75682500 0.18194500 0.20753300
2 0.89202300 0.62540700 0.21282900 0.24389200
1 0.62474400 0.82743800 0.33276100 0.07051100
3 0.05998900 0.08484900 0.11989800 0.16961500
5 0.08054500 0.45917000 0.16032400 0.19927200
4 0.10588000 0.47137700 0.10316600 0.14065300
1 0.08742900 0.64066200 0.17484600 0.13206900
3 0.81682100 0.90400800 0.36323300 0.13113200
3 0.55809200 0.96786900 0.22867400 0.06009600
1 0.67097700 0.54784100 0.28326100 0.09390200
