2 0.47187500 0.23750000 0.94375000 0.47500000
2 0.22812500 0.60000000 0.35000000 0.15000000
3 0.43906300 0.54791700 0.30937500 0.08333300
4 0.79296900 0.62083300 0.35781200 0.21666700
5 0.49921900 0.33333325 0.99843700 0.66666650
1 0.31250000 0.21875000 0.62500000 0.43750000
1 0.87578100 0.69479200 0.24531200 0.20625000
5 0.43281200 0.64270800 0.31875000 0.06458300
1 0.23593700 0.59895800 0.31562500 0.15208300
1 0.38984400 0.44479200 0.25156300 0.11875000
2 0.47734400 0.28645825 0.95468800 0.57291650
4 0.43437500 0.62083300 0.32187500 0.08750000
2 0.39375000 0.18854200 0.78750000 0.37708300
1 0.24609400 0.19062500 0.49218800 0.38125000
4 0.07031225 0.73229200 0.14062450 0.05208300
5 0.28359400 0.62291700 0.26718800 0.13333300
3 0.34375000 0.53333300 0.28437500 0.12083300
5 0.83281200 0.49895800 0.33125000 0.23125000
4 0.84765600 0.45312500 0.30156300 0.25208300
1 0.85234400 0.67812500 0.29218700 0.23541700
3 0.70234400 0.30000000 0.59218700 0.60000000
2 0.47968700 0.56145800 0.29062500 0.08541700
