0 0.40247000 0.78897800 0.14315500 0.05466300
2 0.60350000 0.94669200 0.10976700 0.01818900
3 0.66044400 0.88339500 0.07380600 0.05335000
4 0.66509500 0.92015200 0.08735900 0.05469100
0 0.50675700 0.98654300 0.12904800 0.02274800
1 0.48020100 0.96986000 0.18046500 0.03663300
1 0.69243500 0.93464800 0.09563000 0.06511000
5 0.66615200 0.92360100 0.07713300 0.05086400
1 0.65000700 0.92862800 0.06875700 0.02848300
1 0.65772300 0.84167200 0.05597200 0.06774900
1 0.40705100 0.77103100 0.14331300 0.06220300
4 0.65573900 0.92712800 0.08329500 0.04651900
3 0.64528300 0.89670700 0.04986600 0.06000400
5 0.66926900 0.85893400 0.10309000 0.03774300
4 0.64274300 0.85870900 0.11090200 0.03166800
1 0.68657000 0.93431800 0.08042700 0.07631300
2 0.67930600 0.87549800 0.09823800 0.02835100
1 0.40796400 0.82198900 0.15089600 0.05162600
