2 0.67500000 0.79687500 0.21562500 0.08125000
4 0.26796900 0.81145800 0.38281200 0.07708300
4 0.77109400 0.73854200 0.18906200 0.11458300
5 0.57265600 0.59375000 0.41093800 0.12500000
2 0.68515600 0.70000000 0.20156300 0.12083300
2 0.71796900 0.71979200 0.22343800 0.06875000
4 0.73437500 0.73750000 0.20937500 0.06250000
1 0.72421900 0.69895800 0.17968800 0.09791700
0 0.70937500 0.60625000 0.22187500 0.09166700
3 0.50859400 0.48229200 0.41093800 0.16458300
2 0.80703100 0.62812500 0.22343800 0.20208300
5 0.35546900 0.73125000 0.36406300 0.05000000
1 0.69921900 0.77916700 0.21718800 0.07916700
1 0.33046900 0.88020800 0.37031200 0.11041700
3 0.72500000 0.77708300 0.23437500 0.05416700
5 0.32500000 0.67187500 0.40937500 0.06041700
3 0.65234400 0.61354200 0.37343700 0.09791700
1 0.51640600 0.43125000 0.40781300 0.17500000
2 0.80312500 0.79479200 0.18437500 0.05208300
3 0.71406300 0.80937500 0.21250000 0.16041700
4 0.67656200 0.66666700 0.16250000 0.09583300
1 0.26328100 0.96562500 0.32968800 0.06458300
2 0.35000000 0.98750000 0.42812500 0.02083300
4 0.74140600 0.86979200 0.23906300 0.03958300
0 0.61328100 0.69687500 0.21406200 0.06458300
4 0.72343700 0.70833300 0.19375000 0.13750000
4 0.10078100 0.95520800 0.13281200 0.08541700
4 0.83515600 0.70729200 0.19218800 0.05625000
1 0.72343700 0.76875000 0.20937500 0.10000000
3 0.64218800 0.69583300 0.19375000 0.13750000
