3 0.80119200 0.85902200 0.38771000 0.14220200
2 0.86088800 0.81694700 0.23774500 0.10194900
2 0.29117000 0.84446300 0.40175800 0.12903800
0 0.74518600 0.25440400 0.30933600 0.19998000
2 0.68394400 0.93792900 0.53050800 0.05086900
2 0.40636800 0.76994300 0.17121700 0.05163300
3 0.56631500 0.70588900 0.17273800 0.05481200
4 0.75771000 0.75683500 0.19679100 0.12473000
0 0.89332800 0.78633000 0.21022000 0.05525900
5 0.34406300 0.94133600 0.37977600 0.11316200
1 0.30622000 0.78535200 0.34078300 0.09967200
0 0.94211500 0.75018400 0.11264600 0.07164200
1 0.94333300 0.69524400 0.11020900 0.13864400
1 0.85948200 0.78984500 0.21415300 0.13966900
0 0.34050700 0.93583900 0.35990700 0.12415500
5 0.55126700 0.76967400 0.20365300 0.05356500
1 0.41189500 0.75776500 0.15397800 0.06559000
1 0.54126500 0.64200100 0.17174000 0.07419400
1 0.84334000 0.22281500 0.31019400 0.20203800
2 0.36440000 0.84250500 0.35709500 0.09166900
4 0.54975200 0.76171600 0.20944900 0.04800500
2 0.35960400 0.75113100 0.34799200 0.11615800
1 0.24357700 0.91982500 0.39280600 0.10670700
4 0.84526900 0.96176700 0.30633700 0.07230000
1 0.79087500 0.73965700 0.24659000 0.07040200
4 0.17280300 0.96867400 0.34559600 0.04377200
5 0.17848900 0.81830800 0.35694000 0.22574900
5 0.43251000 0.77570800 0.11877700 0.03716000
3 0.46633800 0.71254800 0.13581900 0.07803500
5 0.78553800 0.66978300 0.17646800 0.12437300
2 0.54737800 0.93709300 0.57495200 0.12164600
4 0.79788900 0.65055700 0.18222400 0.12678800
1 0.82995400 0.78701100 0.22203300 0.14882500
3 0.56349600 0.86275800 0.44018300 0.08652600
3 0.91192300 0.90913600 0.17303000 0.13845600
3 0.74494600 0.77989900 0.33082400 0.13971300
2 0.58209000 0.70864500 0.19912400 0.03158600
1 0.76754800 0.32577000 0.29160500 0.17020100
