2 0.17133000 0.63749700 0.14984500 0.14085800
4 0.82166400 0.90191500 0.19388700 0.10730000
4 0.21595000 0.68642700 0.19298000 0.11912600
5 0.64208400 0.81360500 0.22227800 0.03468700
2 0.20965300 0.57187300 0.14616100 0.12979100
2 0.22562800 0.62595100 0.13143700 0.15696700
4 0.14713900 0.60411000 0.15789500 0.17638100
1 0.20097300 0.60115200 0.18513600 0.14639400
0 0.23513700 0.51969100 0.08269200 0.16669700
3 0.68032200 0.75119900 0.21520000 0.09340600
2 0.25757800 0.66316400 0.09105800 0.08396300
5 0.75441000 0.83640600 0.18268400 0.14788100
1 0.12360900 0.60045900 0.13495100 0.13291300
1 0.77926700 0.93070600 0.17363200 0.13442200
3 0.16231900 0.64284500 0.12446300 0.14892400
5 0.80788800 0.86672900 0.17318500 0.15091800
3 0.59228800 0.82048500 0.22345000 0.03059100
2 0.23459400 0.76549000 0.20189800 0.15125800
3 0.25576000 0.75598100 0.13847200 0.07045800
4 0.23240300 0.56505600 0.11567400 0.18373800
1 0.81662800 0.95859000 0.16386400 0.07865400
4 0.12948900 0.74710600 0.13896800 0.14967600
0 0.26768100 0.53114000 0.11375500 0.18680800
4 0.21371100 0.62433300 0.16302800 0.10146300
4 0.84259600 0.86437100 0.22368300 0.10413800
4 0.16291700 0.66478900 0.18492100 0.15578100
1 0.15326500 0.63610900 0.16354000 0.12630400
3 0.22960400 0.55262500 0.11499700 0.10503700
