5 0.06171900 0.85416700 0.12343800 0.05416700
0 0.04531225 0.95000000 0.09062450 0.05416700
1 0.02109400 0.89895800 0.04218800 0.02708300
0 0.14140600 0.92916700 0.13906300 0.01666700
2 0.27968700 0.91041700 0.13437500 0.03333300
3 0.26328100 0.93541700 0.13906300 0.02083300
1 0.05312500 0.93854200 0.10625000 0.09375000
1 0.33828100 0.88958300 0.10156200 0.03750000
0 0.23593700 0.95729200 0.13125000 0.02291700
5 0.23671900 0.95208300 0.13281200 0.04166700
1 0.08437500 0.98125000 0.13437500 0.03333300
1 0.03437500 0.86875000 0.06875000 0.06250000
4 0.03671900 0.90520800 0.07343800 0.03541700
4 0.00859400 0.88854200 0.01718800 0.02291700
3 0.02109400 0.88958300 0.04218800 0.05416700
4 0.27500000 0.85416700 0.12187500 0.03333300
0 0.07734400 0.92395800 0.13906300 0.01875000
4 0.04765600 0.84895800 0.09531200 0.01458300
0 0.31875000 0.90625000 0.06875000 0.02500000
5 0.04531225 0.94270800 0.09062450 0.03958300
1 0.26406200 0.96666700 0.15000000 0.02500000
2 0.05625000 0.93854200 0.11250000 0.04375000
4 0.10625000 0.90937500 0.15312500 0.03125000
2 0.31953100 0.93020800 0.09218800 0.05208300
3 0.28125000 0.85937500 0.12187500 0.03541700
5 0.31875000 0.86458300 0.04375000 0.02916700
4 0.15312500 0.94791700 0.11562500 0.03750000
4 0.02734400 0.89375000 0.05468800 0.03333300
