2 0.05922800 0.33691600 0.11835000 0.28568600
4 0.91335500 0.75804100 0.17016600 0.16916500
4 0.10468000 0.45034900 0.20935900 0.23040300
5 0.70502500 0.64957500 0.32463700 0.08769100
2 0.08895400 0.24104200 0.17788200 0.32090200
2 0.09768100 0.33887500 0.19523000 0.32272100
4 0.05176400 0.34353200 0.10352300 0.26796900
1 0.09602600 0.31774600 0.19203700 0.28381700
0 0.10678000 0.20284900 0.12974800 0.33892900
3 0.75755000 0.56372600 0.31388100 0.17060200
2 0.13907800 0.42968300 0.12470200 0.17099400
5 0.86690600 0.63685000 0.26306200 0.28909100
1 0.88458000 0.79363200 0.22771400 0.23350700
3 0.04455200 0.35322200 0.08900800 0.30596300
5 0.90570600 0.70970600 0.18546200 0.24901200
3 0.63266600 0.66335000 0.31984600 0.06453900
1 0.76770600 0.57641100 0.32759800 0.05162500
2 0.11289600 0.55447500 0.22574900 0.27468000
3 0.10914500 0.51591700 0.21530500 0.19438400
4 0.09113600 0.23481200 0.18018000 0.34699100
1 0.91074900 0.86323100 0.17537600 0.16839400
2 0.88037300 0.91173500 0.23612800 0.15000600
0 0.12760600 0.17764400 0.17188700 0.35465500
4 0.09682100 0.33532900 0.19363800 0.25677800
4 0.08051700 0.45929500 0.16101800 0.22016800
1 0.05731900 0.36979300 0.11460500 0.22867000
3 0.94889600 0.92299200 0.09908400 0.10087400
3 0.08122600 0.19588700 0.16239400 0.28659100
