0 0.64214800 0.88102600 0.09431600 0.02472300
2 0.33130400 0.90280400 0.06742600 0.04500500
3 0.33348900 0.87828400 0.07643400 0.02368200
5 0.32101900 0.91685400 0.08358200 0.02021100
1 0.29297500 0.87566800 0.06559900 0.05665400
1 0.34483500 0.83128500 0.06119300 0.01778800
1 0.64915400 0.89020400 0.08527300 0.02483000
4 0.34423700 0.92096800 0.06453800 0.02432400
5 0.34117500 0.92225600 0.07159700 0.04914100
3 0.34481200 0.87820800 0.06661500 0.01811500
5 0.43036100 0.93545300 0.11716200 0.03298000
4 0.47519800 0.93923400 0.07848200 0.02826900
2 0.32736000 0.87835100 0.06526700 0.04918300
1 0.63905600 0.90989900 0.10145500 0.02056300
