3 0.09654100 0.96481400 0.19035900 0.03776700
2 0.10098800 0.86105900 0.16505700 0.14132300
0 0.14675300 0.51440100 0.14914400 0.18824100
2 0.85383800 0.58437200 0.14326400 0.16462500
3 0.81618100 0.36965300 0.21369800 0.25539500
4 0.51167800 0.42647100 0.42258500 0.12849800
0 0.04396100 0.90772700 0.08789100 0.13219800
1 0.40197800 0.94125700 0.23089300 0.02590900
0 0.03906700 0.77583300 0.07813000 0.19826300
1 0.04174800 0.73090600 0.08348700 0.17494500
1 0.38381500 0.40395300 0.47394000 0.14084500
5 0.85365900 0.44383500 0.23188500 0.24750600
1 0.92742700 0.50827000 0.14202100 0.17595400
1 0.79124200 0.31277800 0.16241300 0.29237200
1 0.08073600 0.48255100 0.16144700 0.20008100
2 0.36204300 0.97938300 0.25153800 0.03706800
4 0.80162800 0.47144200 0.18157200 0.24140700
2 0.37866800 0.91401800 0.23909300 0.07062400
1 0.14163400 0.82100700 0.15219400 0.17534500
5 0.83356100 0.56680500 0.15432900 0.19006600
3 0.80172000 0.45017100 0.17330800 0.24636700
5 0.46138400 0.27801500 0.39705600 0.12266100
4 0.39634300 0.32747000 0.38083400 0.13651100
1 0.42838600 0.41739800 0.46704800 0.15520800
3 0.21540200 0.97903300 0.17108400 0.03776800
3 0.06470900 0.92815900 0.12940800 0.03211400
3 0.12525100 0.91942700 0.14130900 0.11269500
2 0.83140300 0.30628800 0.19226100 0.25586600
1 0.13771100 0.55373100 0.14010300 0.20097600
