3 0.93437500 0.82916700 0.12812500 0.22083300
2 0.96562500 0.83437500 0.06562500 0.11875000
2 0.33281300 0.77395800 0.66562500 0.23125000
0 0.88437500 0.11770825 0.22812500 0.23541650
2 0.83437500 0.96250000 0.32812500 0.07083300
2 0.28593800 0.72916700 0.27187500 0.09583300
3 0.45156200 0.67187500 0.25000000 0.05625000
4 0.72500000 0.75312500 0.26875000 0.14375000
5 0.73906200 0.92395800 0.51250000 0.14791700
1 0.28125000 0.68437500 0.56250000 0.18541700
1 0.84218700 0.80104200 0.28437500 0.15625000
0 0.41406200 0.92291700 0.55312500 0.15000000
5 0.44609400 0.75104200 0.25468800 0.04791700
1 0.28828100 0.71770800 0.25156300 0.10625000
1 0.42031200 0.58854200 0.22187500 0.08541700
1 0.95156200 0.08437500 0.09375000 0.16875000
2 0.36562500 0.78750000 0.67500000 0.15000000
4 0.44843700 0.73958300 0.25937500 0.05833300
2 0.34062500 0.64062500 0.61875000 0.18125000
1 0.37109400 0.89062500 0.74218800 0.21458300
1 0.92656200 0.69270800 0.14375000 0.14791700
4 0.02031300 0.99583300 0.04062500 0.00416700
5 0.23359400 0.64270800 0.46718700 0.39791700
5 0.33515600 0.74791700 0.21406200 0.08333300
3 0.38671900 0.66770800 0.24218800 0.08541700
5 0.75859400 0.65208300 0.24843800 0.14583300
2 0.70625000 0.89791700 0.58437500 0.20000000
4 0.78828100 0.62708300 0.26406200 0.15416700
1 0.80625000 0.79583300 0.28750000 0.16666700
3 0.71796900 0.82708300 0.56093700 0.20833300
3 0.92734400 0.73020800 0.14218700 0.26041700
2 0.48359400 0.67916700 0.23593700 0.05833300
1 0.90468700 0.15416700 0.18750000 0.30833300
