2 0.24687500 0.45104200 0.27812500 0.16875000
4 0.65781300 0.92812500 0.16250000 0.04791700
4 0.16953100 0.51354200 0.14843800 0.18125000
5 0.39609400 0.79375000 0.09218800 0.03333300
2 0.25625000 0.38958300 0.22187500 0.17083300
2 0.22734400 0.44791700 0.23281300 0.20000000
4 0.16640600 0.37500000 0.22656200 0.24583300
1 0.20625000 0.40625000 0.15312500 0.22916700
0 0.25312500 0.33437500 0.22500000 0.18958300
3 0.49375000 0.75833300 0.20937500 0.02500000
2 0.18750000 0.51145800 0.14375000 0.08541700
5 0.63750000 0.85625000 0.12812500 0.07500000
1 0.19375000 0.37395800 0.30000000 0.15625000
1 0.64687500 0.93541700 0.13750000 0.05000000
3 0.18593800 0.44166700 0.29062500 0.16666700
5 0.63046900 0.88645800 0.11406200 0.07708300
3 0.37109400 0.78541700 0.14531300 0.07500000
1 0.48203100 0.75833300 0.19531200 0.07083300
2 0.16093800 0.61875000 0.14687500 0.22083300
3 0.25781200 0.63541700 0.17812500 0.06250000
4 0.28828100 0.42812500 0.14531300 0.23958300
1 0.68203100 0.97916700 0.15781200 0.03750000
2 0.64375000 0.99583300 0.10000000 0.00416700
4 0.14687500 0.54895800 0.29375000 0.18541700
0 0.36484400 0.39687500 0.25781200 0.19791700
4 0.22031200 0.44479200 0.17187500 0.15625000
4 0.85390600 0.92916700 0.18593800 0.04583300
4 0.07109400 0.43229200 0.14218700 0.27291700
1 0.18515600 0.42708300 0.22656200 0.17500000
3 0.32421900 0.39895800 0.21718800 0.14791700
