2 0.35119700 0.76512700 0.21225300 0.06672600
4 0.84095000 0.77066400 0.26441000 0.17408300
4 0.48071300 0.76956400 0.17369600 0.04854700
5 0.81262400 0.70435200 0.14509400 0.11777000
4 0.49234800 0.95559200 0.54573700 0.07963500
2 0.43718900 0.69220300 0.12357800 0.05253100
2 0.45212600 0.72941600 0.14118400 0.06371500
4 0.38288500 0.74324100 0.19844600 0.06324600
1 0.45372000 0.71188700 0.14484800 0.04432700
0 0.44397400 0.62335400 0.16497500 0.09216500
3 0.82877300 0.60424300 0.14048500 0.20994000
2 0.53095000 0.71234500 0.19551500 0.07389100
5 0.77963300 0.70976000 0.23528300 0.19665900
1 0.33510900 0.74936600 0.19192300 0.05834400
1 0.79463200 0.83566500 0.25498000 0.21367800
3 0.37675500 0.77121100 0.18532500 0.06173100
5 0.89803000 0.70231700 0.20081600 0.22320800
3 0.78842400 0.73336300 0.15668800 0.07545900
1 0.86778900 0.59834400 0.19501600 0.13105200
2 0.50389600 0.83048600 0.19817000 0.06776700
3 0.48898500 0.81474200 0.16815300 0.07047400
4 0.45737600 0.67043200 0.17720600 0.08893300
1 0.76039400 0.89393400 0.30998800 0.16768000
2 0.83843400 0.94157000 0.25226000 0.10553500
4 0.36810600 0.85068200 0.19750600 0.08518500
0 0.37172700 0.65741500 0.21344800 0.07722900
4 0.45935700 0.72287400 0.14990100 0.04250800
4 0.38875600 0.80582200 0.45882300 0.19470400
4 0.47469700 0.76275700 0.16793500 0.05125700
1 0.37945900 0.76112000 0.20524200 0.05053200
0 0.50789400 0.96921800 0.46601900 0.05739800
3 0.38295800 0.67232200 0.21631800 0.03013800
