2 0.37328700 0.87822200 0.12577800 0.04326100
3 0.32748800 0.84783400 0.06689100 0.03217900
5 0.31532400 0.88837000 0.06587400 0.03066700
1 0.33484600 0.84418700 0.11645800 0.04936800
4 0.33871200 0.89691000 0.08404600 0.02453700
5 0.36296800 0.90059800 0.12782700 0.04772300
5 0.34399700 0.91902500 0.07755900 0.04353500
4 0.38337300 0.92486300 0.10586700 0.03539100
1 0.34857300 0.98806500 0.08719800 0.01970300
2 0.30796000 0.84543400 0.07521500 0.05784200
1 0.57132600 0.92550900 0.11616800 0.02200600
