4 0.38664500 0.85897300 0.31793300 0.04182500
5 0.17091500 0.58643900 0.32047800 0.20938700
3 0.21811900 0.55279300 0.29905000 0.12900600
5 0.37023300 0.75227900 0.32722200 0.08095000
1 0.37579700 0.87972400 0.34015000 0.05203500
5 0.30809900 0.80017400 0.30983200 0.08849700
3 0.13670700 0.53298400 0.27332800 0.28653500
1 0.19118000 0.54999400 0.24249200 0.22495200
3 0.31661900 0.08060200 0.63315300 0.16118000
1 0.40780300 0.94868400 0.28437400 0.03207500
2 0.33012500 0.96718400 0.35829600 0.04818400
4 0.87851900 0.90546400 0.20694200 0.02583300
