2 0.66818400 0.85967400 0.14274000 0.06150100
4 0.30538600 0.93531000 0.18232200 0.02986800
4 0.72197900 0.81633200 0.10446700 0.07419900
5 0.47681100 0.78495800 0.24391400 0.06526900
2 0.67001600 0.78594300 0.12933200 0.08770900
2 0.68772800 0.80182700 0.14420900 0.04902600
4 0.71209500 0.81029400 0.13441500 0.04322000
1 0.69554200 0.78365200 0.10207000 0.06500700
0 0.67875700 0.71319600 0.14533200 0.06553800
3 0.43572000 0.72166300 0.23753000 0.06811600
2 0.73077700 0.73683600 0.13084700 0.13882400
1 0.69255500 0.84112100 0.15366400 0.06457100
1 0.34627700 0.97074200 0.18216800 0.05364800
3 0.70245100 0.84151100 0.16352900 0.04340600
3 0.53197600 0.78752800 0.24659200 0.05798400
1 0.43146900 0.69797300 0.25199500 0.08030600
2 0.73041100 0.86280100 0.09738100 0.02309000
3 0.67054800 0.87716000 0.11993500 0.11243200
4 0.65241800 0.76717600 0.09095400 0.05507100
4 0.71704400 0.91380900 0.16224500 0.02707900
0 0.61648500 0.78808200 0.12878800 0.04575900
4 0.69053000 0.79282400 0.11409800 0.09719200
4 0.77826800 0.78559500 0.10747800 0.03695500
1 0.70242500 0.83496000 0.13446700 0.07475000
3 0.63393800 0.78610200 0.11983700 0.10072600
