2 0.51267100 0.88654400 0.11272800 0.02845500
4 0.59384500 0.91768200 0.26608700 0.06341100
4 0.56920100 0.87213400 0.15953600 0.03637900
5 0.69264300 0.82422300 0.13480200 0.05944300
2 0.52184700 0.82455700 0.14043100 0.03846100
2 0.53700600 0.84759900 0.16014900 0.02059200
4 0.52602600 0.85560000 0.14578400 0.03081600
1 0.53517500 0.83336900 0.15700100 0.02426100
0 0.54003100 0.76677700 0.15483900 0.03324900
3 0.68352700 0.75304000 0.14913700 0.11989700
2 0.61754800 0.81744900 0.16138000 0.07638900
5 0.59492400 0.86749900 0.24141100 0.07977700
1 0.50980100 0.87366600 0.10708100 0.02383300
1 0.59170100 0.95288600 0.25412000 0.09006200
3 0.52410200 0.88064600 0.13567100 0.02432100
5 0.66558600 0.85467800 0.25951100 0.09884900
3 0.70214800 0.84047200 0.10720900 0.03542400
1 0.70942200 0.73862700 0.10746400 0.07501700
2 0.59190700 0.91669600 0.15558900 0.03299300
3 0.55301400 0.91579300 0.17078400 0.07051300
4 0.52816400 0.80604600 0.15596800 0.04685200
1 0.51629300 0.98453300 0.20940300 0.02676800
4 0.52814600 0.94757900 0.13424300 0.03519100
0 0.47939500 0.80980000 0.16315000 0.01928600
4 0.54031400 0.84296900 0.15987200 0.04784500
4 0.31266300 0.96377600 0.19519600 0.06828200
1 0.52591500 0.87491400 0.13927600 0.03245600
3 0.50799900 0.81381500 0.13139700 0.03942700
