2 0.35662600 0.90201400 0.10183400 0.03112600
4 0.33501400 0.91000800 0.06428900 0.03843700
2 0.36178900 0.85576200 0.08206500 0.02700000
2 0.35331300 0.88066600 0.08963000 0.05380200
4 0.32195700 0.86632000 0.08160500 0.06171500
1 0.34460600 0.86424300 0.06460100 0.05130400
0 0.36279800 0.81159500 0.09101000 0.05337500
3 0.55005800 0.96161000 0.09073700 0.01671000
2 0.34608900 0.88537500 0.06113200 0.01755400
1 0.33220000 0.87506200 0.11201400 0.02459200
3 0.33446800 0.89402600 0.11203800 0.04137400
3 0.47768800 0.98855400 0.10648300 0.01872500
1 0.54844700 0.96530700 0.08751800 0.01724800
2 0.33657500 0.95572700 0.07093600 0.06919300
4 0.38339200 0.85614300 0.06262600 0.07501200
4 0.32086100 0.95537700 0.10624200 0.04819500
0 0.41052400 0.85062700 0.10018900 0.05554600
4 0.35070000 0.87882300 0.06697700 0.02020300
4 0.28999000 0.88104700 0.06312200 0.07590800
1 0.33117800 0.88998200 0.08255200 0.02758300
3 0.39119900 0.85578900 0.08148600 0.02091300
