3 0.97890600 0.98645800 0.03906200 0.02291700
2 0.89375000 0.95000000 0.20937500 0.04583300
2 0.83906300 0.81458300 0.31875000 0.15416700
0 0.92812500 0.38541700 0.14062500 0.22500000
2 0.10234400 0.59270800 0.20468700 0.20625000
3 0.19687500 0.59791700 0.23125000 0.10000000
4 0.53359400 0.78854200 0.18906200 0.06875000
0 0.97421900 0.96041700 0.04843800 0.03750000
1 0.73437500 0.67395800 0.52812500 0.26041700
0 0.91718800 0.91666700 0.16250000 0.03750000
1 0.90937500 0.87187500 0.17812500 0.05208300
1 0.57109400 0.85937500 0.23593700 0.07708300
5 0.18281200 0.68020800 0.26562500 0.07291700
1 0.07812500 0.58229200 0.15625000 0.18958300
1 0.21250000 0.49583300 0.23750000 0.12083300
1 0.95468800 0.44687500 0.08750000 0.17291700
2 0.78046900 0.82395800 0.43593700 0.11041700
4 0.20937500 0.67187500 0.24375000 0.11458300
2 0.76406200 0.66979200 0.46875000 0.15625000
1 0.91328100 0.97500000 0.17031300 0.04583300
1 0.89296900 0.85729200 0.21093800 0.04791700
4 0.74296900 0.89791700 0.51093800 0.20000000
5 0.85937500 0.76145800 0.27812500 0.11458300
5 0.14687500 0.65416700 0.20625000 0.18333300
3 0.17734400 0.57187500 0.27968700 0.11875000
5 0.54062500 0.70833300 0.22187500 0.08750000
4 0.57265600 0.70104200 0.26406200 0.07708300
1 0.55703100 0.84479200 0.21406200 0.08958300
3 0.95156200 0.93645800 0.09375000 0.12291700
3 0.97968800 0.99270800 0.03750000 0.01041700
3 0.94687500 0.94583300 0.10312500 0.02916700
2 0.21171900 0.61250000 0.19843700 0.14166700
1 0.92265600 0.46770800 0.15156200 0.18541700
