2 0.72122700 0.77610000 0.11155600 0.08802800
4 0.67297200 0.72393800 0.19013200 0.07643200
5 0.29542600 0.83128000 0.10977500 0.09832100
2 0.68712300 0.69557600 0.13029700 0.11256500
2 0.67646300 0.71202400 0.12183300 0.08739100
4 0.73863200 0.69904200 0.12339800 0.06984900
1 0.69098800 0.68783700 0.16878400 0.08118400
0 0.66003000 0.60963000 0.10842600 0.10259800
3 0.27825100 0.79250000 0.09566700 0.05978700
2 0.60381400 0.63830800 0.17616900 0.14118200
5 0.29724400 0.93622900 0.12087300 0.01861800
1 0.76227900 0.73548900 0.10035000 0.11303000
3 0.73306800 0.74137900 0.10194000 0.09252300
5 0.22135000 0.94073600 0.14065800 0.02189700
3 0.32286200 0.81687600 0.14224700 0.11342700
1 0.25912600 0.77546700 0.13080100 0.11522300
2 0.64752100 0.78358000 0.21942500 0.02502300
3 0.63014000 0.81687100 0.16496800 0.11552200
4 0.64119100 0.69248800 0.17396600 0.02893500
4 0.75400500 0.82710200 0.11178900 0.05033400
0 0.65412500 0.72522000 0.10003700 0.08644700
4 0.67737200 0.70265800 0.15785600 0.11872700
4 0.72385100 0.64943000 0.18966800 0.06817200
1 0.73140700 0.73377400 0.12536900 0.10336700
3 0.66681900 0.71408100 0.12450500 0.13501200
