2 0.08671900 0.53125000 0.17343700 0.22083300
4 0.89062500 0.88437500 0.21562500 0.13958300
4 0.13671900 0.61041700 0.26093700 0.17083300
5 0.67734400 0.77708300 0.27968700 0.05000000
2 0.12578100 0.45729200 0.22031200 0.20208300
2 0.14453100 0.53020800 0.18593800 0.22708300
4 0.07734400 0.49895800 0.15468800 0.25625000
1 0.12343800 0.49895800 0.24687500 0.21458300
0 0.17187500 0.40312500 0.12187500 0.23958300
3 0.72343700 0.70000000 0.27187500 0.12500000
2 0.20000000 0.59062500 0.13125000 0.12291700
5 0.82968800 0.79687500 0.25312500 0.20208300
1 0.05078100 0.49270800 0.10156200 0.19791700
1 0.86953100 0.91354200 0.24218800 0.16875000
3 0.07343800 0.54895800 0.14687500 0.21458300
5 0.88593800 0.83854200 0.22500000 0.19791700
3 0.61484400 0.78750000 0.27968700 0.04166700
1 0.73359400 0.70729200 0.28593800 0.02708300
2 0.15937500 0.71145800 0.26250000 0.20208300
3 0.18125000 0.69375000 0.20000000 0.10833300
4 0.16406200 0.45520800 0.17812500 0.26875000
1 0.91406200 0.95520800 0.16875000 0.08541700
2 0.93203100 0.99166700 0.13281200 0.01250000
4 0.05703100 0.67708300 0.11406200 0.21666700
0 0.20156300 0.39687500 0.16562500 0.28958300
4 0.13515600 0.52916700 0.23906300 0.15833300
4 0.93203100 0.82604200 0.13281200 0.13958300
4 0.10000000 0.58854200 0.20000000 0.21041700
1 0.08281225 0.53854200 0.16562450 0.19375000
3 0.15312500 0.43020800 0.19375000 0.18125000
