2 0.06406225 0.51458300 0.12812450 0.14583300
4 0.41796900 0.59895800 0.16093800 0.10625000
5 0.91328100 0.50729200 0.17031300 0.19791700
4 0.49921900 0.37291700 0.99843700 0.74583300
2 0.24062500 0.44583300 0.33437500 0.17083300
2 0.37968800 0.54270800 0.11250000 0.12291700
4 0.21093800 0.51979200 0.30937500 0.19791700
1 0.28125000 0.51250000 0.32500000 0.10000000
0 0.35546900 0.37916700 0.17968800 0.20000000
3 0.94218700 0.39166700 0.11250000 0.25416700
2 0.45703100 0.53229200 0.25468800 0.11875000
5 0.98515600 0.36458300 0.02656200 0.30416700
1 0.06406225 0.50729200 0.12812450 0.14375000
3 0.09218800 0.51145800 0.07187500 0.10208300
3 0.87343700 0.54479200 0.25000000 0.18125000
1 0.93906300 0.40000000 0.11875000 0.11666700
2 0.45390600 0.69479200 0.19843700 0.13125000
3 0.43281200 0.64583300 0.17500000 0.12083300
4 0.39296900 0.42708300 0.19843700 0.18750000
4 0.07734400 0.66250000 0.12968800 0.14166700
0 0.21718800 0.34583300 0.34687500 0.27083300
4 0.29218700 0.51979200 0.32812500 0.09791700
4 0.49921900 0.21875000 0.99843700 0.43750000
4 0.40546900 0.61875000 0.12656200 0.08750000
1 0.20312500 0.55208300 0.33125000 0.14583300
0 0.49921900 0.67916700 0.99843700 0.63750000
3 0.49921900 0.84583300 0.99843700 0.30416700
3 0.55156200 0.92708300 0.89375000 0.07500000
3 0.22812500 0.39583300 0.35625000 0.14166700
