4 0.59101700 0.86157500 0.32431500 0.07774200
5 0.33767900 0.65948800 0.28058400 0.11457200
3 0.36803900 0.61644500 0.22319500 0.05257300
2 0.06157900 0.08696200 0.12313800 0.17390100
5 0.54846600 0.76646800 0.32722600 0.11633000
1 0.56516200 0.88117400 0.33900100 0.10475400
5 0.42442500 0.83854000 0.09802300 0.08665400
3 0.28192600 0.63093300 0.31590400 0.17588100
1 0.36491100 0.61383500 0.22641600 0.14294200
3 0.16774600 0.17047500 0.33547900 0.32673800
4 0.16850200 0.07873600 0.24424300 0.15735500
1 0.63127700 0.93829200 0.35921700 0.08378900
2 0.41323200 0.97900800 0.11410900 0.03781700
4 0.90477000 0.85168300 0.18733600 0.04696800
