2 0.27231000 0.81092400 0.09556400 0.06662300
4 0.73282400 0.98088000 0.10810200 0.03407400
4 0.29647400 0.83075800 0.13021500 0.06292300
2 0.29693200 0.75503500 0.09357700 0.05931100
2 0.30389400 0.79078300 0.08886300 0.08572600
4 0.25152300 0.77762400 0.10003600 0.09774900
1 0.28780500 0.77221300 0.12429400 0.07695100
0 0.30791900 0.70673100 0.05915900 0.09147600
3 0.63281800 0.86865400 0.15631700 0.05662100
2 0.32334000 0.80432200 0.06268200 0.04084200
5 0.67982200 0.94516700 0.12114400 0.08818400
1 0.23667100 0.78377500 0.08987900 0.05846600
3 0.26078600 0.80877700 0.08650900 0.07675400
5 0.72435400 0.95656800 0.10961600 0.08269700
3 0.56777200 0.91960900 0.16428000 0.01915900
2 0.31171800 0.88791000 0.14528100 0.09355100
3 0.33080000 0.88790100 0.09146900 0.03227000
4 0.31092500 0.74872800 0.07800300 0.10924000
4 0.24092000 0.88599000 0.09080000 0.08220100
0 0.33871800 0.73474000 0.08110500 0.09773200
4 0.29764400 0.78856400 0.10768500 0.04335600
4 0.72759200 0.98309900 0.13390900 0.02963400
4 0.25356300 0.80964500 0.12697300 0.09414200
1 0.25777200 0.80310300 0.10063600 0.05965100
3 0.31590500 0.74555700 0.07718100 0.03925400
