3 0.49425100 0.98623000 0.24503400 0.02337400
2 0.60950500 0.94629700 0.26218000 0.03307100
0 0.50401200 0.56982800 0.24482100 0.07095500
2 0.54522300 0.87695200 0.16025300 0.02267800
3 0.63553200 0.80289000 0.14541600 0.05623200
4 0.74613200 0.83839500 0.09905000 0.09294700
0 0.57730600 0.94340200 0.30518400 0.02903900
1 0.31765200 0.96163100 0.13342500 0.04517300
0 0.69077900 0.88730200 0.27385300 0.03782600
1 0.68687800 0.84579500 0.26060300 0.05168200
1 0.81817300 0.85706500 0.10781000 0.10814400
5 0.66918900 0.85026300 0.08822800 0.04757600
1 0.56584500 0.85867700 0.15257700 0.03697300
1 0.61349600 0.75798800 0.15002200 0.08709100
1 0.55010400 0.53771700 0.25553000 0.08437500
2 0.33869500 0.98802900 0.11297600 0.01977500
4 0.66776000 0.85147800 0.08523800 0.04396100
2 0.33839400 0.94059900 0.14190200 0.06097600
1 0.55889200 0.89832400 0.25651400 0.04209900
5 0.21890200 0.97756700 0.11466500 0.04069900
3 0.59225500 0.81629600 0.14971800 0.07151400
5 0.76039700 0.76225400 0.09064500 0.08290400
4 0.74571200 0.75320500 0.09339900 0.07946800
1 0.79938200 0.85694800 0.11622200 0.11906200
3 0.61826300 0.98640300 0.15228200 0.02302700
3 0.47914800 0.95018300 0.28175000 0.05525300
2 0.69060200 0.79960900 0.10305500 0.02820700
1 0.51900100 0.61819300 0.25149800 0.04858900
