2 0.12346200 0.87550500 0.24692000 0.12716100
2 0.91953600 0.43372100 0.15780300 0.24074600
1 0.17820800 0.77107400 0.33680900 0.13139100
0 0.10189400 0.94549400 0.20376500 0.10484500
1 0.93719700 0.40582600 0.12248200 0.20180300
1 0.94495200 0.14329400 0.10697100 0.28644500
2 0.15980000 0.81952000 0.31954400 0.14357300
4 0.94939500 0.26283000 0.09808400 0.32108900
2 0.16871600 0.70693000 0.33617500 0.21225100
1 0.09207800 0.97443200 0.18414900 0.04696900
5 0.11218200 0.90552900 0.22434000 0.17724100
5 0.92197200 0.40727600 0.15293200 0.20427300
3 0.93156500 0.21447300 0.13374600 0.42705700
