3 0.49936300 0.21076300 0.99814800 0.42139800
2 0.69744600 0.18276600 0.60198300 0.36480100
2 0.38486900 0.29854800 0.76965400 0.59679100
2 0.50897700 0.61415100 0.14454400 0.07537800
3 0.82413000 0.45461200 0.13183000 0.13461100
4 0.95097100 0.42687300 0.09493300 0.26645500
1 0.07295300 0.53497100 0.14587100 0.30702400
5 0.81698500 0.54773900 0.17428600 0.13977700
1 0.61576000 0.60705000 0.26869000 0.08499400
1 0.70900900 0.40436400 0.26610800 0.20352100
2 0.08387600 0.56774100 0.16773100 0.35975000
4 0.81889800 0.53888700 0.16895600 0.12823900
2 0.10718600 0.42877900 0.21433800 0.43956300
1 0.60652100 0.11983000 0.78383400 0.23961600
5 0.64938600 0.60785800 0.30588000 0.04098200
3 0.67025400 0.50486800 0.27960400 0.19715700
3 0.29865300 0.42803800 0.59727300 0.21282700
3 0.49917400 0.16986800 0.99819200 0.33969700
2 0.85676800 0.46307800 0.19472000 0.10938200
