2 0.71406300 0.70833300 0.26562500 0.11666700
4 0.21718800 0.58750000 0.43437500 0.21666700
4 0.83750000 0.62604200 0.25000000 0.16875000
5 0.60468800 0.31145800 0.60000000 0.24791700
2 0.72656200 0.59062500 0.25000000 0.16875000
2 0.76953100 0.61145800 0.28281300 0.11041700
4 0.78515600 0.64166700 0.26093700 0.09583300
1 0.77500000 0.58645800 0.22812500 0.14791700
0 0.75625000 0.47812500 0.27500000 0.13541700
3 0.51406200 0.15416700 0.59687500 0.30833300
2 0.86875000 0.48020800 0.25937500 0.28541700
5 0.29531200 0.50833300 0.51875000 0.14166700
1 0.74062500 0.69166700 0.26562500 0.10833300
1 0.26171900 0.71354200 0.52343800 0.18958300
3 0.77421900 0.68437500 0.28906200 0.08125000
5 0.27421900 0.34375000 0.54843800 0.23750000
3 0.71328100 0.35208300 0.52968700 0.20833300
1 0.51640600 0.11770825 0.60156200 0.23541650
2 0.87734400 0.68958300 0.24218800 0.10000000
3 0.77109400 0.70625000 0.27656200 0.22500000
4 0.71875000 0.54375000 0.20937500 0.15000000
1 0.20468725 0.85312500 0.40937450 0.13958300
2 0.30156300 0.85833300 0.60312500 0.09166700
4 0.79687500 0.79479200 0.30000000 0.06041700
0 0.63906200 0.58437500 0.26250000 0.09791700
4 0.77421900 0.59479200 0.24531200 0.19375000
4 0.05078100 0.93854200 0.10156200 0.11875000
4 0.89218800 0.59583300 0.21250000 0.09583300
1 0.77265600 0.67500000 0.26093700 0.14166700
3 0.67421900 0.58645800 0.23906300 0.18541700
