0 0.39882900 0.89507700 0.07389200 0.02776700
2 0.55918900 0.86547800 0.16208400 0.02448100
3 0.46156900 0.80314000 0.15896600 0.03136000
4 0.34013900 0.91998200 0.09017600 0.01730000
5 0.46175300 0.84614100 0.16258300 0.03567500
1 0.47674100 0.75860000 0.15351700 0.04564800
1 0.38418900 0.90002400 0.10347500 0.02549700
4 0.46226200 0.86066400 0.16214800 0.02476500
5 0.51737300 0.87882900 0.15782300 0.04049600
3 0.49924200 0.82274900 0.15676600 0.03565600
5 0.32198800 0.86481400 0.07083000 0.05382400
4 0.32870800 0.88052200 0.06817200 0.04992000
2 0.43407400 0.79124200 0.16296000 0.03921800
1 0.39860500 0.92093300 0.08712900 0.04419800
