3 0.45703100 0.77500000 0.91406200 0.19166700
2 0.65937500 0.65520800 0.67500000 0.21458300
2 0.01484400 0.90104200 0.02968700 0.14375000
0 0.41406200 0.00416700 0.17812500 0.00833300
2 0.27265600 0.95937500 0.54531200 0.07708300
2 0.47968700 0.76145800 0.15312500 0.05625000
3 0.68281300 0.63437500 0.24375000 0.11875000
4 0.90312500 0.61562500 0.19062500 0.25625000
0 0.53125000 0.52916700 0.93437500 0.19583300
1 0.07265625 0.81041700 0.14531250 0.17083300
0 0.77890600 0.42500000 0.43906300 0.27500000
1 0.78359400 0.31250000 0.42968800 0.38333300
1 0.97187500 0.67500000 0.05312500 0.17083300
0 0.03671900 0.97708300 0.07343800 0.04166700
5 0.74687500 0.70833300 0.13750000 0.10000000
1 0.56640600 0.74479200 0.24218800 0.07291700
1 0.64453100 0.57187500 0.24218800 0.16458300
2 0.08203100 0.88229200 0.16406200 0.16041700
4 0.67734400 0.70520800 0.27343800 0.09375000
2 0.10156225 0.75208300 0.20312450 0.22916700
4 0.35000000 0.83750000 0.70000000 0.32083300
1 0.54609400 0.55729200 0.71718700 0.18125000
5 0.59296900 0.76354200 0.27343800 0.02291700
3 0.61250000 0.66666700 0.24687500 0.15833300
5 0.92031200 0.47395800 0.15625000 0.25625000
4 0.91171900 0.43125000 0.17343700 0.27500000
1 0.94453100 0.66250000 0.10781300 0.24583300
3 0.24218800 0.86875000 0.48437500 0.01666700
3 0.75937500 0.80000000 0.47812500 0.21666700
3 0.37734400 0.64583300 0.75468700 0.27500000
2 0.78203100 0.62916700 0.15781200 0.07500000
1 0.46953100 0.03229200 0.51718800 0.06458300
