2 0.51989900 0.62630000 0.20768100 0.08138500
4 0.68402500 0.15747700 0.62882500 0.31492800
4 0.62845700 0.59805800 0.29617500 0.10858800
5 0.92856400 0.19712900 0.13974600 0.39414600
2 0.53796900 0.51965000 0.25405500 0.10127800
2 0.56593800 0.55542900 0.29133800 0.06899300
4 0.54434600 0.59087100 0.25871500 0.07784400
1 0.56452200 0.53892100 0.28418200 0.08700000
0 0.57023800 0.42709500 0.27270700 0.09754400
2 0.71601100 0.49306100 0.29796500 0.17004900
5 0.71342700 0.15839700 0.57002100 0.31673900
1 0.51252500 0.62154000 0.19371400 0.07008700
1 0.68041700 0.27632300 0.63604000 0.55247500
3 0.53858000 0.62577000 0.24576900 0.07639500
3 0.93954100 0.26887900 0.11779400 0.36133900
2 0.67732000 0.66180500 0.30477500 0.08332700
3 0.60190900 0.64633800 0.33050600 0.16255100
4 0.55349000 0.46635800 0.29438000 0.12761300
1 0.56838300 0.38339200 0.86010900 0.49728300
2 0.73512100 0.44730800 0.52663400 0.41427300
4 0.54969200 0.73948900 0.24135700 0.08624500
0 0.45859700 0.47207600 0.30592200 0.07755200
4 0.57297200 0.54853300 0.29114200 0.11807800
4 0.65693900 0.60004600 0.26975500 0.04551700
1 0.54315900 0.61697800 0.25188400 0.08448800
0 0.21311200 0.66269000 0.42620800 0.53763200
3 0.21224900 0.95009800 0.42449200 0.08987000
3 0.30103000 0.79126600 0.60197200 0.25082900
3 0.51843600 0.49033800 0.23061900 0.09906200
