2 0.65449600 0.90739700 0.08056100 0.04411900
4 0.61859200 0.87888500 0.13238600 0.03476900
5 0.35859100 0.94721500 0.08052800 0.05334100
2 0.63211000 0.84981300 0.09538500 0.06050000
2 0.62332800 0.86513200 0.08892800 0.04031900
4 0.66624400 0.85725200 0.09155400 0.02625800
1 0.63324200 0.84789100 0.12073400 0.03831000
0 0.61295200 0.78964600 0.07934300 0.04729200
3 0.34399600 0.91626700 0.06996900 0.02609700
2 0.57136000 0.82388700 0.12121200 0.08115900
1 0.68196900 0.88050200 0.06979700 0.05904100
3 0.66022500 0.88748700 0.07043000 0.04260200
3 0.37835700 0.94048000 0.10115800 0.06294500
1 0.33090900 0.90488300 0.09641100 0.06677200
2 0.59985300 0.92262200 0.14925200 0.02103000
3 0.59002900 0.94157800 0.11530900 0.06900900
0 0.61048100 0.86467300 0.07442200 0.04386000
4 0.62361500 0.85904200 0.11267300 0.06494200
4 0.65120100 0.83460900 0.13236900 0.03242600
1 0.66106000 0.88137200 0.09201700 0.05262400
3 0.61897200 0.85931700 0.09155400 0.07994700
