4 0.37187500 0.89062500 0.35625000 0.04375000
5 0.15546900 0.59479200 0.31093700 0.21875000
3 0.18203100 0.54791700 0.34218700 0.14583300
5 0.35312500 0.77291700 0.36875000 0.08750000
1 0.35781200 0.91875000 0.38437500 0.06666700
5 0.28359400 0.82500000 0.34843800 0.10000000
3 0.12187500 0.54791700 0.24375000 0.27916700
1 0.15234400 0.54479200 0.27968700 0.25208300
3 0.26562500 0.03125000 0.53125000 0.06250000
1 0.45390600 0.98750000 0.19218800 0.02083300
2 0.36718800 0.99583300 0.21562500 0.00416700
4 0.85234400 0.95104200 0.29218700 0.03958300
