2 0.61720700 0.77329100 0.20503900 0.06794700
4 0.38592100 0.71197400 0.43573400 0.09671200
4 0.71392200 0.72801300 0.20097000 0.09894400
5 0.66938400 0.54817700 0.35131000 0.13395400
2 0.62991200 0.68463200 0.20657100 0.10174300
2 0.66345700 0.70574100 0.22290400 0.05180000
4 0.66589000 0.72471600 0.20718700 0.04940300
1 0.66686200 0.68821700 0.19168300 0.08371100
0 0.65988100 0.59822400 0.21837900 0.06844300
3 0.61990400 0.43665200 0.37019400 0.21146000
2 0.76122700 0.63099100 0.22378800 0.16888600
5 0.44759500 0.64820500 0.39256800 0.07750800
1 0.62834900 0.75986300 0.21002200 0.06178800
1 0.42931900 0.78971700 0.41131800 0.13714000
3 0.65802700 0.75833500 0.22126900 0.03932600
5 0.47680900 0.57776200 0.45247700 0.10244700
3 0.72530700 0.58001900 0.29442700 0.10588900
1 0.64419300 0.38672300 0.32255500 0.20148400
2 0.74524300 0.77931900 0.19530000 0.05106900
3 0.66964800 0.78637800 0.22404900 0.14411000
4 0.63239400 0.64960100 0.18370500 0.08778300
1 0.36048800 0.87637800 0.40617600 0.09838600
2 0.46857200 0.89399000 0.45331300 0.04293000
4 0.66899700 0.84782900 0.22700900 0.04051900
0 0.56683100 0.67103100 0.21932500 0.04547700
4 0.66835000 0.69665700 0.20308100 0.11764400
4 0.11337000 0.89787200 0.15135600 0.18832900
4 0.76325200 0.70851600 0.19583700 0.04160400
1 0.65641400 0.75247300 0.20962300 0.08369700
3 0.60187000 0.67655600 0.18492300 0.11521200
