3 0.87090800 0.90989500 0.25505900 0.13348200
2 0.78846000 0.86888300 0.35282200 0.05727300
0 0.86030600 0.38455000 0.27626400 0.20222600
3 0.08504000 0.30706100 0.17006300 0.23286300
4 0.29747200 0.64112600 0.29992700 0.08916000
0 0.87189200 0.89752800 0.25309100 0.08151000
1 0.91348900 0.43570000 0.16989700 0.48164100
0 0.77526400 0.85750500 0.30202700 0.04662500
1 0.76894100 0.81473600 0.30564600 0.05198800
1 0.42576500 0.74248300 0.10452900 0.06672300
5 0.06961200 0.41235800 0.13921300 0.16998000
1 0.08045100 0.16207900 0.16088400 0.28224500
1 0.86400700 0.44225100 0.24935300 0.18003700
2 0.91676900 0.62817500 0.16333700 0.29229700
4 0.08200300 0.37498100 0.16400500 0.27137300
2 0.89881900 0.47220300 0.19923700 0.34441600
1 0.81799100 0.78216700 0.36089300 0.06200000
5 0.04885800 0.30859900 0.09770500 0.34512500
3 0.08314800 0.23394400 0.16628800 0.27437800
5 0.40645700 0.57313500 0.13431000 0.11619600
4 0.43704500 0.57751800 0.19065900 0.11192800
1 0.32058600 0.72005900 0.27423100 0.08248100
3 0.90041800 0.84732300 0.19603900 0.17438900
3 0.76229800 0.94969300 0.27776600 0.09644800
3 0.87407600 0.84585300 0.24872300 0.05381200
2 0.07319100 0.33839600 0.14624800 0.26846100
1 0.85335700 0.45525100 0.29016100 0.17104600
