2 0.73573100 0.46517200 0.30717400 0.19268600
4 0.27524900 0.94026600 0.22989600 0.02442500
4 0.57266200 0.38830100 0.40226800 0.12577700
5 0.19973800 0.72541000 0.16283000 0.15094400
2 0.66639600 0.35945400 0.32480300 0.20568600
2 0.62258100 0.37571500 0.32747000 0.19263700
4 0.71305400 0.31231100 0.34630400 0.17172200
1 0.63881700 0.33423900 0.36994700 0.14728900
0 0.59994000 0.24655000 0.29369200 0.20614300
3 0.20880600 0.68810500 0.16359600 0.09452400
2 0.43836800 0.30415200 0.37103700 0.20040600
5 0.28901500 0.86360100 0.22757400 0.04028200
1 0.78204600 0.36910100 0.26983200 0.26972500
1 0.28603800 0.96366500 0.23702200 0.02701600
3 0.70710300 0.38799000 0.27779100 0.24130900
5 0.21110300 0.88223500 0.23744900 0.04306200
3 0.19708800 0.69354100 0.14369400 0.18984400
1 0.18652500 0.67178900 0.11795600 0.17407600
2 0.51391000 0.48716700 0.40681300 0.14567900
3 0.55779700 0.57513400 0.36515100 0.15945700
4 0.59858200 0.38981900 0.33785500 0.07628100
4 0.73816900 0.51109700 0.32048500 0.16357200
0 0.66668300 0.44037200 0.26220200 0.16955600
4 0.61963900 0.37030900 0.36121400 0.18986100
4 0.58383100 0.21327400 0.43412900 0.20529800
1 0.71356700 0.38180700 0.34960800 0.20720400
3 0.66696200 0.41501200 0.30134900 0.22088700
