3 0.64480800 0.98542500 0.16614800 0.02498200
2 0.72745100 0.96659200 0.16311300 0.03274600
2 0.38370600 0.98203400 0.22390600 0.03176500
0 0.65998400 0.59544100 0.20564500 0.07753100
2 0.42441000 0.87508300 0.11981800 0.02939700
3 0.54821800 0.82327200 0.13700100 0.03528100
4 0.68750000 0.87818900 0.13655000 0.07403700
1 0.37612400 0.94327200 0.21939100 0.04093000
1 0.80869300 0.88899500 0.14273800 0.04776200
1 0.75891100 0.90590500 0.14372400 0.08459100
5 0.53909300 0.87259800 0.15496400 0.03472500
1 0.44116500 0.86107700 0.13616000 0.04415600
1 0.53189300 0.77309200 0.13248200 0.05187100
1 0.72521100 0.58218200 0.21509400 0.07884700
2 0.41522300 0.98337400 0.22181500 0.02908500
4 0.53807000 0.86981900 0.15855500 0.03138500
2 0.41107600 0.92209500 0.22022300 0.04844300
5 0.31376800 0.96363400 0.20775300 0.06856600
5 0.44598800 0.88066500 0.08264000 0.01666700
3 0.47557400 0.83120300 0.10440900 0.05482000
5 0.70914500 0.81218200 0.12004800 0.07013600
4 0.71516700 0.80408500 0.12132100 0.06711100
1 0.73851900 0.90239900 0.15218400 0.09363500
3 0.64898000 0.95756700 0.20802100 0.05148600
2 0.56317800 0.82325000 0.15279400 0.01827100
1 0.67359400 0.64624300 0.19538300 0.05254700
