2 0.17187500 0.67916700 0.13750000 0.10000000
4 0.95468800 0.73020800 0.08750000 0.23958300
4 0.36953100 0.72083300 0.25781200 0.07083300
5 0.87500000 0.67083300 0.24375000 0.14583300
4 0.65312500 0.93645800 0.69062500 0.12291700
2 0.29609400 0.60625000 0.25781200 0.10000000
2 0.32812500 0.66250000 0.24062500 0.10416700
4 0.26953100 0.65833300 0.24218800 0.13333300
1 0.32578100 0.63541700 0.25781200 0.09166700
0 0.38281200 0.54062500 0.14375000 0.13541700
3 0.89609400 0.55104200 0.20468700 0.26041700
2 0.46640600 0.66041700 0.20468700 0.08333300
5 0.90234400 0.64895800 0.19218800 0.29791700
1 0.16640600 0.66562500 0.14843800 0.09791700
1 0.91875000 0.81145800 0.15937500 0.30625000
3 0.19765600 0.67708300 0.08593800 0.08750000
5 0.98671900 0.65208300 0.02343800 0.17916700
3 0.82187500 0.70937500 0.25625000 0.09375000
1 0.89453100 0.56875000 0.20781300 0.12083300
2 0.46484400 0.80000000 0.15468800 0.09583300
3 0.37968800 0.77083300 0.27500000 0.07916700
4 0.40859400 0.58958300 0.17031300 0.13333300
1 0.90234400 0.87708300 0.19218800 0.24166700
2 0.94062500 0.94166700 0.11562500 0.11250000
4 0.18750000 0.79270800 0.12500000 0.11041700
0 0.28359400 0.54687500 0.25781200 0.16041700
4 0.33593800 0.65729200 0.25937500 0.06041700
4 0.53359400 0.70104200 0.80156200 0.30208300
4 0.42578100 0.72708300 0.09843700 0.05833300
1 0.26562500 0.68645800 0.25625000 0.08541700
0 0.68984400 0.96770800 0.61718800 0.06041700
3 0.29062500 0.57604200 0.26875000 0.06875000
