2 0.10078100 0.94791700 0.16093800 0.10000000
0 0.15078100 0.59375000 0.14218700 0.17083300
2 0.84140600 0.68958300 0.13906300 0.13750000
3 0.80546900 0.48958300 0.20781300 0.22916700
4 0.50781200 0.55833300 0.40937500 0.11250000
0 0.04218800 0.96875000 0.08437500 0.05833300
0 0.03984400 0.87500000 0.07968700 0.16666700
1 0.04296900 0.82708300 0.08593800 0.15000000
1 0.38515600 0.55312500 0.45468800 0.12708300
5 0.84140600 0.56770800 0.22656200 0.21875000
1 0.91953100 0.62083300 0.14843800 0.15000000
1 0.78359400 0.42604200 0.15781200 0.26458300
1 0.08203100 0.56458300 0.16406200 0.17916700
4 0.78984400 0.59062500 0.17656300 0.21041700
2 0.36484400 0.97812500 0.22343800 0.03958300
1 0.14062500 0.90937500 0.15000000 0.15208300
5 0.82109400 0.67916700 0.15156200 0.15833300
3 0.79218800 0.56145800 0.16875000 0.22291700
5 0.46093800 0.41041700 0.38437500 0.09166700
4 0.39765600 0.45312500 0.37031200 0.10625000
1 0.42734400 0.56145800 0.44843700 0.14375000
3 0.10859400 0.97604200 0.11093700 0.04375000
2 0.82109400 0.43437500 0.18593800 0.21875000
1 0.14062500 0.63437500 0.13437500 0.18125000
