2 0.25912000 0.96288600 0.22604100 0.06786700
0 0.32260700 0.66777900 0.12656200 0.07363600
2 0.63888500 0.38199400 0.38812900 0.15585800
3 0.41082300 0.25182700 0.37004900 0.16034800
4 0.14379400 0.56679400 0.16946500 0.14916500
0 0.25499500 0.97960200 0.19672900 0.03663000
1 0.65536600 0.93444500 0.21697500 0.04021900
0 0.18339900 0.92804400 0.23117300 0.09409900
1 0.18681400 0.89441200 0.22014700 0.08031000
1 0.05284700 0.64831700 0.10566700 0.09882400
5 0.40888400 0.31628000 0.39350100 0.17551200
1 0.64638900 0.23194100 0.42492500 0.14545500
1 0.44957300 0.18594300 0.35006000 0.14660800
1 0.29937000 0.68150100 0.17602900 0.06772300
2 0.63209200 0.98095700 0.16415900 0.03391900
4 0.41145200 0.37775600 0.38881600 0.12841300
2 0.63242200 0.91741100 0.18044800 0.04614100
1 0.30865300 0.91783800 0.21121600 0.10632600
5 0.53480400 0.41563000 0.37927000 0.18594800
3 0.50218900 0.31048600 0.36793500 0.12039000
5 0.12016200 0.47717200 0.15192700 0.20866200
4 0.14546100 0.52990600 0.14238500 0.19094100
1 0.07027900 0.62952600 0.14053400 0.08371200
3 0.33654600 0.98205700 0.16011900 0.03171900
2 0.34099600 0.20938500 0.38895600 0.18270300
1 0.31954700 0.70735000 0.15148700 0.10310800
