0 0.67070500 0.82086100 0.08257000 0.03975200
2 0.38558100 0.94537000 0.10874200 0.02956500
4 0.57402100 0.97784100 0.11716300 0.03457100
1 0.37415400 0.92950500 0.10736900 0.04109400
1 0.43571600 0.87119800 0.09393100 0.02825000
1 0.70953400 0.82366300 0.08760700 0.04073300
5 0.40860000 0.95696300 0.08278700 0.02811300
3 0.42408400 0.91532300 0.10460800 0.02765800
5 0.59051400 0.93127800 0.10897100 0.03369000
4 0.60430700 0.93008600 0.11060100 0.02814000
1 0.61388900 0.98622700 0.10201700 0.02337900
2 0.46193000 0.91406400 0.11108400 0.02182500
1 0.67529800 0.85484300 0.07483400 0.02321500
