2 0.20967200 0.71378200 0.14613400 0.10372800
4 0.88731600 0.84156200 0.15901600 0.14803400
4 0.32873500 0.74300900 0.21057700 0.07529800
5 0.74734800 0.77044700 0.19661200 0.07200700
4 0.79426300 0.96264100 0.40835000 0.07055200
2 0.28367500 0.63951300 0.19798400 0.07828600
4 0.21367600 0.68170700 0.12486300 0.11683000
1 0.29766200 0.67105100 0.21078300 0.09060700
0 0.37986500 0.60909400 0.04720300 0.08832900
3 0.78008800 0.68985400 0.18877500 0.14657200
2 0.43435000 0.70490600 0.10902200 0.06463700
5 0.80958300 0.77570900 0.14602200 0.18223700
1 0.19797100 0.69419300 0.15716900 0.09348800
1 0.83038200 0.88846900 0.14540200 0.18531800
3 0.22864900 0.72004700 0.11136000 0.10569400
5 0.91067800 0.79559200 0.14983200 0.19226000
3 0.70343000 0.79089900 0.20542800 0.04477600
1 0.80268500 0.69445500 0.23412600 0.05952000
2 0.36089300 0.81087900 0.21603500 0.10770500
3 0.35229700 0.79591200 0.20905900 0.05289900
4 0.33811900 0.64376900 0.21764800 0.11635100
1 0.83372200 0.92913100 0.16138700 0.13757100
2 0.85288100 0.96641600 0.15896700 0.06300000
4 0.22095000 0.81285400 0.16116400 0.11769500
0 0.29574000 0.60464200 0.18138300 0.13691400
4 0.30916700 0.68751800 0.20457300 0.05990900
4 0.65968100 0.81748400 0.43376700 0.14703500
4 0.24282900 0.70850900 0.06686400 0.05471700
1 0.21415000 0.71257000 0.13246200 0.08368500
0 0.74153100 0.97926400 0.39069000 0.03730500
3 0.29097100 0.62558200 0.20171700 0.06198000
