2 0.52500000 0.63020800 0.22187500 0.08958300
4 0.77890600 0.09583325 0.43906300 0.19166650
4 0.64218800 0.59895800 0.32812500 0.11875000
5 0.97500000 0.13333325 0.04687500 0.26666650
2 0.54375000 0.51250000 0.27500000 0.11250000
2 0.57187500 0.55208300 0.32187500 0.07500000
4 0.55000000 0.59062500 0.28125000 0.08541700
1 0.57109400 0.53333300 0.31406300 0.09583300
0 0.57656200 0.41145800 0.30000000 0.11041700
3 0.98281200 0.03333325 0.03125000 0.06666650
2 0.73906200 0.48229200 0.33125000 0.18958300
5 0.77578100 0.11250000 0.44531200 0.22500000
1 0.51640600 0.62500000 0.20468700 0.07500000
1 0.65781300 0.26250000 0.68125000 0.52500000
3 0.54531200 0.62916700 0.26250000 0.08333300
3 0.97812500 0.26041700 0.04062500 0.26250000
2 0.69843800 0.67083300 0.34375000 0.09166700
3 0.61328100 0.65312500 0.37031200 0.18125000
4 0.56250000 0.45312500 0.32187500 0.14375000
1 0.49921900 0.32708325 0.99843700 0.65416650
2 0.72578100 0.32500000 0.54531200 0.65000000
4 0.55937500 0.75520800 0.25625000 0.09375000
0 0.45234400 0.45937500 0.34218700 0.08958300
4 0.57968800 0.54479200 0.32187500 0.13125000
4 0.67187500 0.60208300 0.29687500 0.05000000
1 0.55000000 0.61979200 0.26875000 0.09375000
0 0.18437500 0.73750000 0.36875000 0.52083300
5 0.48671900 0.51354200 0.97343700 0.96875000
3 0.32578125 0.86666700 0.65156250 0.26250000
3 0.51406200 0.48020800 0.26562500 0.11041700
