3 0.52998400 0.83262100 0.51076400 0.09323200
2 0.68295100 0.75985100 0.44261200 0.09494200
2 0.14879400 0.88750700 0.20911300 0.12498600
0 0.50715000 0.19150700 0.39227900 0.17157700
2 0.33505500 0.93704900 0.50713700 0.05037600
2 0.50498500 0.77208700 0.10252300 0.03972900
3 0.68056600 0.66969200 0.19687400 0.08968200
4 0.85324400 0.67752800 0.15513600 0.17206400
0 0.64260400 0.72038000 0.57038200 0.05268300
5 0.08191300 0.95675300 0.16380300 0.08232800
1 0.22202600 0.83000200 0.18890200 0.10685100
0 0.79747000 0.64198400 0.40193600 0.10076500
1 0.79969600 0.57367300 0.39748300 0.15195600
1 0.93844800 0.68966200 0.11998000 0.19917000
0 0.19318000 0.95060200 0.20443800 0.09463000
5 0.72717100 0.73143900 0.11987200 0.07787200
1 0.58603300 0.75797200 0.19963200 0.05063900
1 0.64982500 0.61622300 0.19930200 0.12874100
1 0.58531000 0.10712300 0.42469600 0.21031300
2 0.23608900 0.87925300 0.18280100 0.10316800
4 0.72653600 0.72988100 0.11549800 0.07161800
2 0.25399000 0.79448000 0.20269700 0.13670400
1 0.07328800 0.96338000 0.14656800 0.06907400
4 0.38761300 0.91807400 0.54742400 0.15968600
1 0.59390100 0.69126300 0.42878500 0.08289700
5 0.06741000 0.89126200 0.13479700 0.20275500
3 0.62290200 0.69565300 0.20051700 0.12180300
5 0.87241500 0.57067400 0.14040100 0.16426500
2 0.21395400 0.96648500 0.42788700 0.04847100
4 0.85694700 0.54603300 0.14414900 0.16942300
1 0.91815500 0.69351200 0.16056500 0.21243000
3 0.78626600 0.85696100 0.42434300 0.13479000
3 0.45978200 0.75849200 0.49522800 0.13033400
2 0.75517700 0.66687600 0.13847700 0.05491500
1 0.52997800 0.25612700 0.40842700 0.13664600
