2 0.78281300 0.46145800 0.21562500 0.21458300
4 0.20390600 0.87604200 0.22343800 0.05208300
4 0.67187500 0.35625000 0.35000000 0.17500000
5 0.18515600 0.63020800 0.13593700 0.19375000
2 0.72343700 0.35312500 0.25000000 0.23541700
2 0.69531200 0.35729200 0.24375000 0.22708300
4 0.79296900 0.31666700 0.24843800 0.20833300
1 0.71562500 0.32291700 0.30937500 0.18333300
0 0.66953100 0.23229200 0.21406200 0.24375000
3 0.18281200 0.59583300 0.13125000 0.13750000
2 0.54687500 0.24375000 0.32812500 0.27083300
5 0.23359400 0.79375000 0.21406200 0.06250000
1 0.84062500 0.37812500 0.18125000 0.28125000
1 0.22500000 0.89895800 0.22500000 0.01875000
3 0.78359400 0.38020800 0.18281200 0.26041700
5 0.13906300 0.80833300 0.23750000 0.04583300
3 0.19531200 0.59166700 0.14687500 0.22916700
1 0.15078100 0.57395800 0.12656200 0.21041700
2 0.62265600 0.43750000 0.38906200 0.10416700
3 0.62656300 0.52500000 0.30937500 0.21250000
4 0.65234400 0.36562500 0.29843800 0.08958300
1 0.25703100 0.95833300 0.22968700 0.02083300
2 0.18593800 0.96041700 0.24375000 0.05416700
4 0.82031200 0.49375000 0.20937500 0.19583300
0 0.69296900 0.43020800 0.19218800 0.19375000
4 0.69453100 0.35000000 0.29531200 0.23750000
4 0.45937500 0.97291700 0.19062500 0.05000000
4 0.72734400 0.18750000 0.36718800 0.20416700
1 0.78671900 0.37500000 0.25468800 0.24583300
3 0.70468800 0.40312500 0.23437500 0.25208300
