2 0.03281300 0.88854200 0.06562500 0.13958300
0 0.07890600 0.43333300 0.15781200 0.25416700
2 0.92734400 0.53645800 0.14218700 0.23125000
3 0.89218800 0.23645800 0.21250000 0.38958300
4 0.52187500 0.25833300 0.61875000 0.23333300
1 0.36875000 0.97500000 0.28437500 0.03333300
1 0.34843800 0.17187500 0.69687500 0.29375000
5 0.91328100 0.31875000 0.17031300 0.36250000
1 0.97500000 0.46666700 0.04687500 0.18750000
1 0.88203100 0.19479200 0.20781300 0.38958300
1 0.04062500 0.43333300 0.08125000 0.18333300
4 0.89140600 0.36562500 0.21406200 0.36875000
2 0.33984400 0.93854200 0.29531200 0.08958300
1 0.06093725 0.81770800 0.12187450 0.21875000
5 0.91250000 0.50729200 0.17187500 0.26875000
3 0.89140600 0.35520800 0.21406200 0.35625000
5 0.44687500 0.08229200 0.56250000 0.16458300
4 0.35703100 0.13229200 0.53281300 0.23541700
1 0.39218800 0.20833300 0.72187500 0.30416700
3 0.05000000 0.95104200 0.10000000 0.09375000
2 0.91328100 0.17395825 0.17031300 0.34791650
1 0.06796900 0.47812500 0.13593700 0.27291700
