3 0.97578100 0.99479200 0.04531200 0.00625000
2 0.87968700 0.99062500 0.19062500 0.01458300
2 0.80546900 0.96145800 0.38593700 0.05208300
0 0.87890600 0.54166700 0.16406200 0.15000000
2 0.16093800 0.71145800 0.20000000 0.13125000
3 0.25781200 0.69375000 0.19687500 0.06250000
4 0.52656300 0.84791700 0.16562500 0.05000000
0 0.93750000 0.99270800 0.12187500 0.01041700
1 0.67656200 0.85104200 0.38437500 0.12291700
0 0.88515600 0.96562500 0.21406200 0.01458300
1 0.87734400 0.92500000 0.22656200 0.03750000
1 0.56015600 0.90312500 0.20156300 0.06041700
5 0.24453100 0.76250000 0.21718800 0.04166700
1 0.11562500 0.68125000 0.20625000 0.15000000
1 0.26562500 0.60937500 0.18750000 0.07708300
1 0.91562500 0.57083300 0.14687500 0.14166700
2 0.74296900 0.94895800 0.39843800 0.03958300
4 0.26875000 0.75937500 0.19687500 0.07291700
2 0.70390600 0.83645800 0.36406300 0.05625000
1 0.85546900 0.92916700 0.24531200 0.01666700
5 0.80937500 0.93958300 0.37812500 0.10416700
5 0.22187500 0.75312500 0.15312500 0.12291700
3 0.24140600 0.68125000 0.21718800 0.07083300
5 0.53515600 0.77604200 0.18906200 0.06875000
4 0.56250000 0.77291700 0.22187500 0.05833300
1 0.54843800 0.89270800 0.18437500 0.07291700
3 0.90156300 0.98125000 0.19375000 0.03333300
3 0.92109400 0.98229200 0.15468800 0.03125000
2 0.26015600 0.70104200 0.15781200 0.09791700
1 0.88203100 0.60833300 0.18906200 0.12083300
