2 0.51544500 0.98481600 0.27608300 0.02620200
0 0.74190900 0.65482500 0.10988700 0.08823000
2 0.34554300 0.85584100 0.14910400 0.05146100
3 0.41004300 0.82164600 0.10146000 0.01996000
4 0.59890000 0.90211700 0.15737000 0.05301700
1 0.47393200 0.93195300 0.25531600 0.04492000
1 0.82224200 0.93614500 0.10100200 0.03654200
1 0.65780300 0.93688400 0.15726700 0.06182300
1 0.33244700 0.83910600 0.14531800 0.06457700
1 0.41378000 0.76646200 0.12225200 0.03918800
1 0.79596900 0.66065500 0.11478800 0.08725200
4 0.39339300 0.86794800 0.06941300 0.02518700
2 0.50813700 0.91749600 0.25026800 0.02004500
5 0.47829600 0.96307900 0.25988000 0.06967600
5 0.38024500 0.87421100 0.12043100 0.04815800
3 0.39735800 0.82056600 0.13736600 0.03876600
5 0.62029800 0.84263200 0.14658600 0.05278500
4 0.63974800 0.83828300 0.15058000 0.04813200
1 0.64012900 0.93063400 0.16023100 0.07027100
3 0.75095200 0.97883600 0.10978500 0.03816000
2 0.44980600 0.82251600 0.14534300 0.03872300
1 0.75100700 0.70150700 0.10422200 0.06266200
