2 0.39843800 0.95416700 0.34375000 0.06250000
2 0.88750000 0.98333300 0.22187500 0.02916700
0 0.55546900 0.53229200 0.24218800 0.07708300
4 0.04375000 0.43541700 0.08750000 0.19583300
0 0.43671900 0.97916700 0.28281300 0.03750000
1 0.87812500 0.84479200 0.24062500 0.09791700
0 0.31718800 0.91666700 0.32812500 0.09583300
1 0.31718800 0.86770800 0.31875000 0.07708300
1 0.00703125 0.61145800 0.01406250 0.05625000
1 0.53125000 0.56666700 0.17812500 0.06250000
2 0.85703100 0.93125000 0.28281300 0.10833300
2 0.84921900 0.80208300 0.29843800 0.13333300
1 0.45937500 0.87916700 0.34687500 0.12500000
5 0.94765600 0.95520800 0.10156200 0.01875000
5 0.05468800 0.33229200 0.10937500 0.26875000
4 0.08203100 0.36979200 0.16406200 0.29791700
1 0.00546900 0.55937500 0.01093700 0.06458300
3 0.74843700 0.98750000 0.32500000 0.02083300
3 0.56562500 0.97708300 0.34687500 0.04166700
1 0.55156200 0.58854200 0.21875000 0.10625000
