3 0.11953125 0.98645800 0.23906250 0.02291700
2 0.21640600 0.87812500 0.41093800 0.13125000
0 0.15468800 0.39062500 0.23437500 0.24375000
2 0.75625000 0.78541700 0.10312500 0.07083300
3 0.79609400 0.63437500 0.13593700 0.17291700
4 0.76875000 0.62395800 0.25000000 0.20208300
0 0.10468800 0.87708300 0.20937500 0.12916700
1 0.20000000 0.97812500 0.17187500 0.03958300
0 0.20859400 0.73229200 0.41718700 0.22708300
1 0.21484400 0.66875000 0.42968800 0.20416700
1 0.81875000 0.59687500 0.30000000 0.25208300
5 0.81875000 0.70937500 0.13750000 0.16458300
1 0.78437500 0.75937500 0.15000000 0.09375000
1 0.77265600 0.56979200 0.12656200 0.18958300
1 0.11328100 0.30520800 0.22656200 0.30208300
2 0.12500000 0.99583300 0.00625000 0.00416700
4 0.78750000 0.71666700 0.16562500 0.15416700
2 0.20390600 0.94895800 0.19843700 0.09791700
1 0.20000000 0.82083300 0.36562500 0.17083300
5 0.76953100 0.77500000 0.15468800 0.05833300
3 0.75468700 0.68333300 0.11562500 0.18333300
5 0.76250000 0.47916700 0.28750000 0.15416700
4 0.69218700 0.47812500 0.30937500 0.15625000
1 0.80937500 0.60520800 0.25000000 0.26041700
3 0.25390600 0.97083300 0.42343800 0.03750000
3 0.12421900 0.92916700 0.24843800 0.12916700
2 0.83906300 0.60833300 0.18750000 0.13750000
1 0.15546900 0.44270800 0.27031300 0.23125000
