2 0.94375000 0.39270800 0.10937500 0.26041700
5 0.08046900 0.07708325 0.16093800 0.15416650
2 0.94062500 0.18437500 0.11562500 0.36875000
2 0.94687500 0.19479200 0.10312500 0.29375000
1 0.97656200 0.15729200 0.04375000 0.31458300
0 0.91953100 0.08854200 0.15781200 0.17708300
3 0.01250000 0.01145825 0.02500000 0.02291650
2 0.98125000 0.05833325 0.03437500 0.11666650
5 0.01640625 0.45416700 0.03281250 0.16666700
1 0.96718700 0.40312500 0.06250000 0.13125000
3 0.96250000 0.36041700 0.07187500 0.12083300
3 0.11171900 0.04687500 0.22343800 0.09375000
3 0.92968800 0.26562500 0.13750000 0.53125000
4 0.90078100 0.13645825 0.19531200 0.27291650
0 0.86796900 0.20937500 0.26093700 0.39791700
4 0.96562500 0.17916700 0.06562500 0.35833300
4 0.13437500 0.93854200 0.26875000 0.11875000
1 0.98906200 0.37604200 0.01875000 0.11458300
3 0.90234400 0.21354200 0.19218800 0.42708300
