2 0.55000000 0.14166700 0.61250000 0.25000000
4 0.40000000 0.95833300 0.27812500 0.02916700
4 0.28359400 0.14270825 0.51718800 0.28541650
5 0.21640600 0.73645800 0.27031300 0.14375000
2 0.46953100 0.08750000 0.52031200 0.17500000
2 0.38046900 0.11979200 0.54218800 0.23958300
4 0.37968800 0.04375000 0.51250000 0.08750000
1 0.39843800 0.09479200 0.51250000 0.18958300
0 0.38203100 0.03854200 0.43593700 0.07708300
3 0.25390600 0.69479200 0.25468800 0.07708300
2 0.19531225 0.13645800 0.39062450 0.15208300
5 0.38671900 0.86875000 0.28593800 0.06250000
1 0.58593800 0.06875000 0.54375000 0.13750000
1 0.41250000 0.97604200 0.25312500 0.04375000
3 0.43046900 0.10000000 0.62968700 0.20000000
5 0.33203100 0.90416700 0.27031300 0.07916700
3 0.16875000 0.70208300 0.26562500 0.20000000
1 0.22968700 0.69062500 0.20625000 0.16458300
2 0.22421900 0.27500000 0.44843700 0.44166700
3 0.35156200 0.41562500 0.50000000 0.11041700
4 0.43750000 0.14166700 0.43437500 0.28333300
4 0.41328100 0.17500000 0.74843700 0.28750000
0 0.56250000 0.17604200 0.47500000 0.22708300
4 0.38046900 0.10937500 0.50781200 0.21875000
4 0.76875000 0.99375000 0.12500000 0.00833300
4 0.13828100 0.06041700 0.27656200 0.12083300
1 0.43281200 0.08125000 0.59687500 0.16250000
3 0.53281300 0.13541700 0.48750000 0.24583300
