2 0.94140600 0.87395800 0.11406200 0.04791700
0 0.98046900 0.22708300 0.03593700 0.12500000
2 0.05625000 0.44062500 0.11250000 0.21041700
3 0.12890600 0.42708300 0.25781200 0.17916700
4 0.54218800 0.68229200 0.23750000 0.09791700
1 0.73750000 0.23645825 0.52187500 0.47291650
0 0.96484400 0.83645800 0.06718700 0.03541700
1 0.95468800 0.79166700 0.08750000 0.04166700
1 0.58593800 0.77500000 0.29375000 0.10000000
5 0.12578125 0.53541700 0.25156250 0.12500000
1 0.02890625 0.45104200 0.05781250 0.16041700
1 0.14531300 0.29375000 0.29062500 0.22083300
2 0.81875000 0.36354200 0.35937500 0.49375000
4 0.13515625 0.50833300 0.27031250 0.20416700
2 0.77968700 0.21562500 0.43750000 0.43125000
1 0.94218700 0.73958300 0.11250000 0.07083300
4 0.89296900 0.22187500 0.21093800 0.44375000
5 0.08828125 0.48437500 0.17656250 0.26875000
3 0.13359400 0.38125000 0.26718800 0.20000000
5 0.54921900 0.58958300 0.27968700 0.12083300
4 0.59062500 0.57604200 0.33125000 0.11458300
1 0.56875000 0.75729200 0.26875000 0.11875000
3 0.99062500 0.99166700 0.01562500 0.01250000
2 0.12734400 0.45312500 0.25156300 0.21875000
1 0.97421900 0.29791700 0.04843800 0.11666700
