2 0.51582700 0.78307600 0.15015900 0.04628800
4 0.65749800 0.71543800 0.45104900 0.14645300
4 0.59239600 0.76342900 0.21317800 0.06050300
5 0.78764500 0.62242000 0.18534300 0.14846600
4 0.20118200 0.96506500 0.40222100 0.06570400
2 0.52862100 0.70268800 0.18525000 0.06014000
2 0.54858600 0.73158200 0.21228900 0.03606600
4 0.53414000 0.74817600 0.19015100 0.04696400
1 0.54671700 0.71536400 0.20769600 0.04482400
0 0.55223800 0.62981000 0.20260300 0.05514300
3 0.77635600 0.50705700 0.21184000 0.24713200
2 0.65637400 0.68928900 0.21518300 0.11015600
5 0.65192500 0.66106700 0.38886500 0.16085100
1 0.51138700 0.77150700 0.14150300 0.03922500
1 0.65087100 0.79677500 0.42089200 0.19733400
3 0.53038700 0.77825000 0.17942300 0.04173600
5 0.77926400 0.61520000 0.43834700 0.20166000
3 0.80104700 0.65938900 0.15427800 0.10711500
1 0.82343600 0.48032500 0.16045600 0.19922900
2 0.62455100 0.81722700 0.21225300 0.04620600
3 0.57172400 0.81256000 0.23191800 0.10275100
4 0.53792700 0.67271900 0.20958900 0.07266600
1 0.57709900 0.86920100 0.45560300 0.14245100
2 0.70946500 0.90542100 0.44057100 0.09039000
4 0.53687400 0.86460200 0.17683700 0.05299700
0 0.47150900 0.67759100 0.21885300 0.03631700
4 0.55326500 0.72582100 0.21201400 0.07228500
4 0.19272200 0.83714500 0.30974200 0.22114100
4 0.61592000 0.75367200 0.19817900 0.02111100
1 0.53370300 0.77109000 0.18301200 0.05048700
0 0.28689600 0.97014900 0.32815000 0.05553500
3 0.51164200 0.68606500 0.17177600 0.05941900
