3 0.10946000 0.90049800 0.21891600 0.06091500
2 0.05680700 0.79803600 0.11359400 0.13047300
2 0.39134900 0.93606100 0.15790400 0.03579300
0 0.12919500 0.36711900 0.25827200 0.25132000
1 0.53612800 0.83465300 0.34538700 0.03190800
1 0.09195400 0.38346900 0.18383300 0.18836500
2 0.38024300 0.89227500 0.18325300 0.06440000
2 0.39416000 0.79766200 0.16007000 0.07859200
1 0.09206500 0.71606500 0.18412200 0.23826200
5 0.42853400 0.92934100 0.08338100 0.05083100
3 0.23301900 0.92131600 0.33349400 0.10175600
3 0.11632600 0.84746100 0.23237600 0.14423300
1 0.11584400 0.40785600 0.23161500 0.28277600
