2 0.49937300 0.25090100 0.99812900 0.47379000
2 0.20304800 0.53888100 0.30267100 0.17571100
3 0.33237900 0.52592100 0.16454100 0.06621000
4 0.68531900 0.64527800 0.29867600 0.14111100
5 0.54223100 0.41851800 0.91241400 0.49413100
1 0.43284300 0.24627400 0.86563100 0.38453900
1 0.79363600 0.71037100 0.30288300 0.15099100
0 0.49924500 0.62053800 0.99838600 0.41268400
5 0.31147800 0.60833500 0.14890200 0.05111900
1 0.19284800 0.53725900 0.28125900 0.17804200
1 0.33926600 0.43356800 0.20886700 0.10440400
2 0.56453800 0.39842000 0.86779900 0.27277800
4 0.37920300 0.58877500 0.28017600 0.09022400
2 0.53557700 0.25028200 0.84350100 0.28578100
1 0.49922100 0.26770100 0.99843400 0.53514000
4 0.43675900 0.40256600 0.87325300 0.51844800
5 0.46654200 0.15373100 0.93306400 0.30743300
5 0.26756100 0.57913900 0.23638600 0.15998800
3 0.30336900 0.50571200 0.24195700 0.10282800
5 0.72103200 0.55097000 0.27884300 0.15042000
4 0.76392900 0.52460500 0.29866600 0.15704600
1 0.75983400 0.69967900 0.30296600 0.15917800
3 0.91035000 0.42846400 0.17617400 0.51364900
2 0.41152700 0.54129600 0.25241200 0.10317700
