3 0.09459100 0.90777800 0.18916600 0.05746200
2 0.18127300 0.78902000 0.32488300 0.16533800
2 0.20503200 0.97442900 0.20322800 0.04697500
0 0.14542900 0.36978000 0.16047300 0.25290900
2 0.80722500 0.68053700 0.17310800 0.11736500
3 0.85454900 0.49664700 0.13460200 0.21764100
4 0.74833800 0.47596100 0.33941400 0.20701500
0 0.05927800 0.80860400 0.11853800 0.15983400
1 0.29193300 0.92102600 0.20436200 0.05159400
0 0.13659600 0.64793900 0.27318700 0.26780800
1 0.14873400 0.58868000 0.29743600 0.24995700
1 0.75162300 0.42861600 0.41640300 0.26157200
5 0.88498400 0.57150000 0.13610200 0.20786300
1 0.86175500 0.63910900 0.18340000 0.12715600
1 0.82035900 0.44075400 0.13737100 0.25021900
1 0.08310400 0.29699400 0.16159900 0.30045500
2 0.25703300 0.95753200 0.24331900 0.06832200
4 0.84670200 0.58063200 0.15877700 0.19644400
2 0.28059300 0.88500900 0.21634000 0.09907400
1 0.18954300 0.74513700 0.28288100 0.19945800
5 0.18428100 0.96792000 0.16297300 0.05999300
5 0.82181000 0.66227600 0.19636000 0.11463700
3 0.80928900 0.55725300 0.13079700 0.21693100
5 0.72599100 0.32183000 0.36822100 0.14124000
4 0.64284800 0.33448900 0.37880200 0.14108600
1 0.75864900 0.44275800 0.36138200 0.27421700
3 0.15748800 0.95511200 0.15965200 0.06618900
3 0.17017500 0.86138500 0.30802000 0.04441300
3 0.10978700 0.85535300 0.21955900 0.14382700
2 0.90270800 0.45701000 0.16806200 0.19328200
1 0.14432300 0.41604100 0.19092900 0.25057800
