2 0.55902700 0.98796000 0.22110600 0.01991400
2 0.85742200 0.95902500 0.19132400 0.05118000
0 0.63307900 0.67689800 0.19955400 0.05223400
2 0.21391100 0.45028900 0.26685200 0.21452800
3 0.14561100 0.46413900 0.13706600 0.17476800
4 0.20587600 0.75132600 0.16614700 0.07460800
1 0.79520100 0.86186700 0.16714100 0.11795900
0 0.53658200 0.97020900 0.18876800 0.03515300
1 0.53397400 0.93878000 0.19291600 0.01843900
1 0.20978100 0.82916600 0.17727400 0.04868900
5 0.11073100 0.53102700 0.14559000 0.16891600
1 0.12141300 0.36034300 0.24163500 0.24605700
1 0.18624000 0.37814800 0.14686100 0.13576300
1 0.61668400 0.70324500 0.18346000 0.05123600
2 0.77871500 0.93741500 0.15602800 0.07977200
4 0.16091900 0.55456200 0.15140900 0.14762200
2 0.76849800 0.85525700 0.16534400 0.08801300
1 0.58714800 0.93692900 0.23296800 0.04966100
5 0.20357200 0.52994400 0.26045700 0.18476500
3 0.19472400 0.45347500 0.15116000 0.14092500
5 0.20699800 0.68320500 0.13907700 0.11504600
4 0.23211400 0.69372500 0.08860300 0.08880500
1 0.20930700 0.81271800 0.17200500 0.05951300
3 0.74258500 0.98458200 0.22125900 0.02667000
2 0.11366500 0.47054200 0.13563100 0.20984200
1 0.62481400 0.72034100 0.20543400 0.05300400
