4 0.10625000 0.81875000 0.21250000 0.07916700
5 0.02656225 0.42187500 0.05312450 0.26041700
3 0.03828125 0.36458300 0.07656250 0.20416700
5 0.12500000 0.66770800 0.25000000 0.13125000
1 0.12109400 0.85000000 0.24218800 0.02500000
5 0.05937500 0.70104200 0.11875000 0.08541700
3 0.02109400 0.28645800 0.04218800 0.37708300
3 0.81484400 0.12916700 0.36718800 0.25833300
1 0.15156225 0.95416700 0.30312450 0.02083300
2 0.09218800 0.96562500 0.18437500 0.06458300
0 0.88125000 0.09166700 0.23437500 0.18333300
4 0.43281200 0.96354200 0.27812500 0.06875000
3 0.91484400 0.07395825 0.16718700 0.14791650
