2 0.35088100 0.94504400 0.07314000 0.02880600
4 0.40556100 0.94811800 0.11405400 0.02411100
2 0.38367700 0.89964900 0.10022800 0.01877500
2 0.39460400 0.92302500 0.09185000 0.03722600
4 0.34750000 0.91838500 0.07057400 0.04529000
1 0.38883200 0.91023600 0.11259200 0.02920100
0 0.40296900 0.86156000 0.08295900 0.04006100
3 0.64533800 0.93884200 0.08746600 0.05100500
2 0.46250200 0.91818100 0.06249800 0.02920900
5 0.64580700 0.98606200 0.06454500 0.02370900
1 0.34211400 0.92925800 0.07822600 0.02184800
3 0.35809300 0.94222900 0.05871100 0.03405400
5 0.69346400 0.98775400 0.06055500 0.02032500
2 0.42125300 0.98001600 0.11549200 0.03580000
3 0.42293900 0.98484300 0.10664200 0.02614800
4 0.41248500 0.89632400 0.11632200 0.05003600
4 0.35393200 0.98566700 0.08018800 0.02449900
0 0.39404500 0.88861100 0.08799100 0.04193800
4 0.35776400 0.92402800 0.04695600 0.02471500
1 0.34911800 0.93762800 0.07045100 0.02294700
