0 0.36570400 0.79627500 0.09667600 0.04508900
2 0.58793200 0.69419100 0.24292100 0.05818300
3 0.44292200 0.60496800 0.23581600 0.06493800
4 0.26701400 0.78880500 0.12315500 0.05237500
0 0.24553500 0.98620300 0.11320400 0.02342700
1 0.27168300 0.97660200 0.15295800 0.04263000
1 0.18474400 0.83857300 0.10966000 0.02926000
5 0.44266400 0.66099500 0.24452100 0.07126700
1 0.58971300 0.61772200 0.25736300 0.03754900
1 0.46624100 0.54866700 0.22601200 0.07485700
1 0.34759100 0.80449500 0.13606100 0.04149900
4 0.44371400 0.68817700 0.24309200 0.05009600
1 0.34764100 0.98036300 0.12249700 0.03510700
5 0.52441600 0.71429300 0.23672500 0.07941600
3 0.49943600 0.63780800 0.23281000 0.05796200
5 0.24467500 0.71615300 0.10017800 0.10116300
4 0.25704400 0.74439400 0.09577400 0.09318000
1 0.20809100 0.82711100 0.12815000 0.02453700
2 0.40096900 0.58393400 0.24360000 0.07854800
1 0.36450900 0.82865700 0.11472900 0.06699600
