2 0.23982300 0.29946800 0.47958500 0.59459700
2 0.60533400 0.29626800 0.78620700 0.59235100
2 0.37203500 0.60920600 0.23402300 0.09023800
3 0.56932400 0.53627600 0.27263900 0.09678300
4 0.86001600 0.55445800 0.27684300 0.23559100
1 0.22558300 0.34417800 0.45116100 0.39738200
1 0.92740900 0.63050300 0.14205600 0.18041600
0 0.27391300 0.59185400 0.54781000 0.59911800
5 0.56944900 0.61759800 0.27589200 0.08948800
1 0.38442900 0.60829300 0.20913300 0.10300400
1 0.55631400 0.45141700 0.22509100 0.11372900
2 0.29754600 0.39497200 0.59505600 0.45443900
4 0.56704200 0.59945300 0.28594200 0.08010300
2 0.28367600 0.27719700 0.56730400 0.44517500
5 0.40699200 0.61327300 0.16386900 0.07522900
3 0.45123900 0.53489000 0.18075800 0.11910400
5 0.88433900 0.43563800 0.22819700 0.24569200
2 0.49933800 0.27930000 0.99820000 0.55830700
4 0.89333000 0.39410700 0.21021500 0.25704200
1 0.90352800 0.61295100 0.18981900 0.22207600
3 0.53658600 0.33862300 0.92370300 0.49528600
2 0.61866300 0.54164900 0.24825600 0.06040800
