2 0.38647000 0.72602800 0.22060800 0.05419400
4 0.30201900 0.73844500 0.14722800 0.08050100
5 0.41748900 0.91846800 0.15249700 0.03763700
2 0.37459800 0.66399100 0.19483100 0.05660700
2 0.34617400 0.70004200 0.20039600 0.09001000
4 0.32500600 0.65943800 0.20327700 0.10830700
1 0.33996900 0.66928100 0.15900300 0.10555500
0 0.35185400 0.60411600 0.19562700 0.08175400
2 0.28264100 0.71418800 0.15360400 0.01764100
5 0.52559400 0.97252800 0.17014400 0.05077700
1 0.35558700 0.67482300 0.23640800 0.05008100
3 0.33315100 0.70988100 0.23176500 0.06271700
5 0.52435600 0.97978400 0.13537900 0.03626600
3 0.38844900 0.91059700 0.15955500 0.06254200
1 0.42848900 0.88051600 0.12729500 0.05247300
2 0.28227900 0.81272400 0.11963500 0.12337200
4 0.38558100 0.67915100 0.14484400 0.11938700
4 0.31814100 0.79485900 0.23783500 0.07499000
0 0.44200100 0.67503600 0.20719000 0.08411700
4 0.34322400 0.69615100 0.16936200 0.05445100
4 0.23274800 0.67534800 0.14081400 0.15178400
1 0.33783000 0.69944000 0.20520900 0.05680000
3 0.41723700 0.67454600 0.19015700 0.05614000
