2 0.53253400 0.41672900 0.40474800 0.12123000
4 0.42011300 0.95975500 0.22573500 0.02348500
4 0.35059700 0.40269800 0.35635100 0.15665900
5 0.27712500 0.78487400 0.20651600 0.10467000
2 0.47718000 0.33310500 0.35912500 0.12433100
2 0.41767100 0.37476600 0.37174300 0.14441900
4 0.44667800 0.27866900 0.40483600 0.16248500
1 0.42861600 0.31877400 0.35678100 0.18058900
0 0.41376400 0.24386600 0.34666400 0.13488500
3 0.30384300 0.74760500 0.19995600 0.05144600
2 0.26110800 0.37703100 0.32500600 0.06852100
5 0.40985200 0.88739500 0.22909600 0.05079800
1 0.53225400 0.30321600 0.42205300 0.19419300
1 0.41466600 0.97710400 0.23587500 0.04162500
3 0.45519300 0.35393000 0.41578300 0.16532000
5 0.36378600 0.91533200 0.21879400 0.06406800
3 0.24359400 0.76045600 0.19791100 0.14446200
1 0.28333800 0.74277000 0.16024000 0.12423300
2 0.29922200 0.51053700 0.33582500 0.24347400
3 0.39601900 0.58588300 0.35063700 0.05931400
4 0.45457000 0.37047100 0.31475500 0.17886300
4 0.45055700 0.47723600 0.46000100 0.11902400
0 0.54559600 0.39823600 0.34052800 0.13586400
4 0.41636900 0.36426100 0.35483600 0.12627600
4 0.27559000 0.23765500 0.38014900 0.29851100
1 0.46204200 0.34440900 0.40692700 0.13177300
3 0.52090400 0.37545800 0.34321000 0.14703000
