2 0.29070300 0.58983300 0.30156700 0.13048300
4 0.47282400 0.60983800 0.23720100 0.08515700
5 0.93364600 0.41797800 0.12958200 0.26651300
4 0.50050500 0.33063200 0.99586500 0.66072500
2 0.41103300 0.50073300 0.17461800 0.10392900
2 0.43243500 0.55157000 0.19610300 0.11812000
4 0.40914200 0.58053400 0.13333000 0.10599800
1 0.43507800 0.53248500 0.20001700 0.08326200
0 0.42119300 0.41442500 0.22766700 0.16307800
3 0.95213800 0.26986500 0.09259900 0.38042300
2 0.54044700 0.53667200 0.26335900 0.11162200
5 0.90363300 0.25270800 0.18960800 0.50509000
1 0.27187300 0.57869200 0.27124900 0.11912500
1 0.92145500 0.41435200 0.15396600 0.53121300
3 0.40517400 0.61895000 0.10707200 0.09897400
3 0.90071200 0.47402600 0.19545200 0.21101900
2 0.50550900 0.68759400 0.27420100 0.10297000
3 0.48219200 0.65235800 0.23850000 0.11182300
4 0.43896100 0.46330900 0.24861000 0.14317900
1 0.86953300 0.48487000 0.25781000 0.51414100
0 0.49964800 0.36424400 0.99758000 0.72725400
4 0.31574000 0.72377900 0.27802900 0.12329100
0 0.31680500 0.43290700 0.30618300 0.14925600
4 0.44192500 0.54407600 0.20853000 0.07957300
4 0.39099000 0.26491200 0.78177200 0.52980000
4 0.46549300 0.61657500 0.22424500 0.07764600
1 0.33385300 0.60117300 0.28357700 0.08760200
0 0.49922400 0.64746600 0.99842700 0.46054100
3 0.49923300 0.84241300 0.99840800 0.31062700
5 0.50029100 0.66094700 0.99629300 0.67393800
3 0.49930800 0.79024700 0.99825800 0.12683300
3 0.33467000 0.46110300 0.30574300 0.07531900
