0 0.53515600 0.73645800 0.19531200 0.03958300
2 0.47265600 0.47812500 0.40156200 0.13541700
3 0.28671900 0.40729200 0.27031300 0.17708300
4 0.18828100 0.73958300 0.16406200 0.08750000
1 0.80859400 0.97812500 0.20781300 0.03958300
0 0.31953100 0.98854200 0.07656300 0.01875000
1 0.38750000 0.97604200 0.21250000 0.04375000
1 0.12500000 0.81666700 0.17500000 0.05416700
5 0.26015600 0.48125000 0.27031300 0.17916700
1 0.40937500 0.33541700 0.42500000 0.16250000
1 0.33750000 0.32812500 0.29687500 0.09791700
1 0.51718800 0.75208300 0.15312500 0.02916700
4 0.30156300 0.53125000 0.31562500 0.11666700
2 0.74921900 0.96875000 0.22968700 0.04166700
1 0.51875000 0.98854200 0.05937500 0.01875000
5 0.38593700 0.54166700 0.38750000 0.14583300
3 0.38125000 0.43333300 0.31250000 0.10000000
5 0.17968800 0.65208300 0.17812500 0.15416700
4 0.22343800 0.68541700 0.16875000 0.13750000
1 0.14140600 0.80000000 0.15156200 0.05833300
2 0.21875000 0.39375000 0.30000000 0.21250000
1 0.53125000 0.77708300 0.17812500 0.06250000
