2 0.92224500 0.37994800 0.15238400 0.29806700
5 0.15310700 0.13106100 0.30575500 0.26205900
2 0.91703400 0.19675200 0.16280600 0.39338700
2 0.92307800 0.19799100 0.15072000 0.34593900
1 0.94525300 0.17354000 0.10636900 0.34693300
0 0.90028200 0.11185700 0.19631100 0.22368900
5 0.05546500 0.41044100 0.11091600 0.28896800
1 0.94253500 0.38626800 0.11180400 0.21497300
3 0.93737400 0.35168700 0.12212700 0.19930900
3 0.20892900 0.09824400 0.41766300 0.19643700
3 0.90158700 0.28575800 0.19370100 0.52561100
4 0.86600100 0.15379900 0.21220300 0.30745700
0 0.82957700 0.25867700 0.22360300 0.32262100
4 0.93607900 0.19256200 0.12471700 0.38507400
4 0.16369800 0.88858200 0.32738300 0.15703500
3 0.86985900 0.22847000 0.20047400 0.43339500
