2 0.03046900 0.35208300 0.06093700 0.22916700
4 0.93515600 0.81354200 0.12656200 0.12708300
4 0.08515625 0.44375000 0.17031250 0.23750000
5 0.73125000 0.65625000 0.36875000 0.09583300
2 0.07187500 0.22187500 0.14375000 0.31458300
2 0.07812500 0.29791700 0.15625000 0.38333300
4 0.02578100 0.36354200 0.05156200 0.20208300
1 0.07734400 0.30729200 0.15468800 0.27708300
0 0.07031225 0.17500000 0.14062450 0.35000000
3 0.78906200 0.56041700 0.35625000 0.19166700
2 0.08984400 0.40729200 0.14531300 0.19375000
5 0.88203100 0.65937500 0.23281300 0.29375000
1 0.90312500 0.86145800 0.19062500 0.18958300
3 0.01562500 0.39062500 0.03125000 0.20208300
5 0.92421900 0.75208300 0.14843800 0.22500000
3 0.64843800 0.67291700 0.35937500 0.07083300
1 0.79843800 0.57500000 0.36875000 0.05833300
2 0.09296900 0.57187500 0.18593800 0.26458300
3 0.08828125 0.50208300 0.17656250 0.22916700
4 0.07343800 0.19583325 0.14687500 0.39166650
1 0.94218700 0.94583300 0.11250000 0.10416700
2 0.91406200 0.95625000 0.16875000 0.08333300
0 0.09843725 0.16666700 0.19687450 0.33333300
4 0.07812500 0.32500000 0.15625000 0.25000000
4 0.06171900 0.47187500 0.12343800 0.19375000
1 0.03203100 0.38125000 0.06406200 0.18333300
3 0.07421900 0.15833325 0.14843800 0.31666650
