2 0.72966800 0.73335900 0.20134100 0.10834900
4 0.18559900 0.76067700 0.27861000 0.10388300
4 0.81082500 0.65711100 0.16158500 0.14249800
5 0.46372000 0.52836000 0.39252700 0.14271000
2 0.73237700 0.63162800 0.18418700 0.15027900
2 0.75978300 0.64715600 0.20853600 0.10230500
4 0.79042700 0.66664500 0.19634500 0.09008100
1 0.76909600 0.62384700 0.15280700 0.12633100
0 0.74581000 0.53238800 0.20854600 0.12647900
3 0.39861900 0.43446600 0.37450700 0.14798600
2 0.83005400 0.53381100 0.20381300 0.24143600
5 0.28321400 0.68520700 0.28255500 0.06922700
1 0.76126400 0.71321800 0.21523200 0.10845600
1 0.25606800 0.82604600 0.27613200 0.09185900
3 0.77889100 0.70721800 0.23364900 0.08445400
5 0.20171900 0.62768700 0.29665800 0.07702900
3 0.55063700 0.53631500 0.39687800 0.12114600
1 0.38685400 0.38313900 0.41104400 0.17208400
2 0.83437100 0.71330700 0.15741000 0.07311900
3 0.74328200 0.73651800 0.18242100 0.18960100
4 0.71113300 0.59989200 0.13294900 0.11469000
1 0.21247000 0.91364200 0.24284600 0.07056900
2 0.25328500 0.91342500 0.33134300 0.05485900
4 0.80200800 0.80318300 0.23740700 0.05934900
0 0.65966600 0.63661400 0.18051600 0.08971800
4 0.76385600 0.63327500 0.16883300 0.16789200
4 0.15062200 0.94078700 0.17586200 0.11425900
4 0.88789200 0.61832200 0.17165300 0.09323700
1 0.77812700 0.69776200 0.19546400 0.12969400
3 0.68333600 0.63331600 0.16944600 0.16500700
