2 0.14531300 0.95729200 0.26875000 0.08125000
0 0.27968700 0.60625000 0.22812500 0.13750000
2 0.84140600 0.27604200 0.31406300 0.31875000
3 0.62968700 0.08125000 0.55312500 0.16250000
4 0.16250000 0.37812500 0.32500000 0.25625000
0 0.10859400 0.97604200 0.21718800 0.04375000
1 0.69921900 0.97291700 0.16718700 0.01666700
0 0.09531225 0.91875000 0.19062450 0.12083300
1 0.09375000 0.87083300 0.18750000 0.11250000
1 0.03906225 0.46562500 0.07812450 0.15625000
5 0.65468700 0.12291700 0.62187500 0.24583300
1 0.87187500 0.11041700 0.25312500 0.22083300
1 0.69687500 0.06979200 0.39062500 0.13958300
1 0.21406200 0.60833300 0.24062500 0.12500000
4 0.61875000 0.19166700 0.55937500 0.29583300
2 0.67578100 0.95000000 0.12656200 0.05000000
1 0.21718800 0.91041700 0.24687500 0.15000000
5 0.76406200 0.28541700 0.40000000 0.36666700
3 0.72265600 0.14895800 0.51093800 0.28125000
5 0.11796900 0.23854200 0.23593700 0.36041700
4 0.11484400 0.33333300 0.22968700 0.31666700
1 0.08593800 0.43750000 0.17187500 0.15000000
3 0.20390600 0.98333300 0.11406200 0.02916700
2 0.56328100 0.04270825 0.46093800 0.08541650
1 0.25937500 0.64791700 0.22812500 0.16250000
