2 0.90622000 0.80758400 0.18443500 0.09192300
2 0.84519300 0.35627500 0.30649000 0.47338900
0 0.94601500 0.21457900 0.10484600 0.25556700
2 0.09010600 0.41947800 0.18020800 0.24980400
3 0.15299800 0.44269300 0.20650200 0.14425800
4 0.53070700 0.66806400 0.21759900 0.08311400
1 0.71497800 0.27613800 0.56691900 0.53069200
0 0.93169100 0.79155300 0.13349200 0.07158500
1 0.92310200 0.74726800 0.15067200 0.07937400
1 0.57115500 0.75189700 0.26690900 0.08755500
0 0.81289000 0.71989700 0.37109600 0.20673800
5 0.14582600 0.53026600 0.26142200 0.12159000
1 0.06556900 0.42033100 0.13112700 0.22198700
1 0.18900100 0.33628200 0.25256500 0.17918000
2 0.77337100 0.47031800 0.45013300 0.31443300
4 0.16458300 0.51614900 0.22625400 0.16998600
2 0.75418200 0.31177600 0.48851200 0.38373200
1 0.90633300 0.69623900 0.18421000 0.10623100
4 0.70041600 0.35771300 0.59604200 0.71528800
5 0.11604600 0.47996100 0.22915500 0.25384900
3 0.15065900 0.40048300 0.30121100 0.18152300
5 0.54025700 0.59021500 0.25142800 0.10529400
4 0.58060600 0.57932000 0.28415400 0.09875000
1 0.55587100 0.73497100 0.24474700 0.10097000
3 0.92048900 0.92362300 0.15589700 0.14858700
2 0.17977700 0.46805300 0.18730400 0.18384200
1 0.94007400 0.29952200 0.11672700 0.22503200
