0 0.32065900 0.85074800 0.06374600 0.05658800
2 0.67105700 0.90641300 0.06606300 0.03631700
3 0.64765100 0.82689400 0.10945000 0.06525100
4 0.50332100 0.89388500 0.16782400 0.02716100
1 0.28193400 0.98622800 0.07496600 0.02337800
1 0.45599400 0.91271700 0.17420300 0.03183700
5 0.66041900 0.87011100 0.11638600 0.06325300
1 0.70721900 0.87424200 0.06728500 0.03813600
1 0.64076300 0.78382400 0.08503900 0.08807100
1 0.28642300 0.84246200 0.07302200 0.05703500
4 0.63849500 0.87876300 0.09242100 0.05669800
5 0.65507600 0.90952400 0.06531300 0.04233100
3 0.64630600 0.84993700 0.09258300 0.07416800
4 0.45654500 0.83929300 0.16113100 0.02152400
1 0.47238600 0.90945400 0.17384400 0.04374600
2 0.64967800 0.81031400 0.09833000 0.04717400
1 0.31732600 0.87696200 0.06317700 0.06470200
