2 0.33873200 0.92465300 0.06442900 0.03268800
4 0.35221800 0.93185300 0.09016100 0.03408100
2 0.35380100 0.87990400 0.06426300 0.02649800
2 0.35809100 0.90447800 0.06199000 0.04875300
4 0.32146800 0.89612100 0.06696500 0.05673400
1 0.34710100 0.89054700 0.08611200 0.04164100
0 0.35940500 0.83934200 0.04358400 0.05144600
3 0.59844000 0.95487800 0.11458800 0.03577500
2 0.37024000 0.90769500 0.04388800 0.02143200
1 0.31175700 0.90457900 0.06375000 0.02537500
3 0.32763500 0.92033800 0.06282500 0.04127500
2 0.36305000 0.97075700 0.10302500 0.05432000
3 0.37901500 0.97657900 0.06070300 0.02074200
4 0.36450500 0.87490700 0.05487100 0.06818800
4 0.31509300 0.97575200 0.06356900 0.04432900
0 0.38526700 0.86888900 0.05924800 0.05303200
4 0.31870100 0.91304500 0.08921300 0.05985700
1 0.32686000 0.91582600 0.06654800 0.02842800
