3 0.49921900 0.19791700 0.99843700 0.39583300
2 0.62421900 0.16250000 0.74843700 0.32500000
2 0.34453125 0.26458325 0.68906250 0.52916650
2 0.47500000 0.65312500 0.19062500 0.08541700
3 0.73203100 0.48541700 0.31093700 0.17500000
4 0.95234400 0.44895800 0.09218800 0.27708300
5 0.81953100 0.57395800 0.17031300 0.14375000
1 0.50390600 0.64270800 0.13906300 0.10208300
1 0.68046900 0.41875000 0.30468800 0.22916700
4 0.72734400 0.56666700 0.35156200 0.13750000
2 0.00546900 0.49791700 0.01093700 0.16250000
1 0.56953100 0.07812500 0.85781200 0.15625000
5 0.61640600 0.64895800 0.34531300 0.04375000
3 0.64140600 0.53125000 0.31093700 0.22083300
5 0.97890600 0.27187500 0.03906200 0.25208300
4 0.97265600 0.19166700 0.05156200 0.32083300
3 0.23281300 0.40937500 0.46562500 0.31875000
3 0.82500000 0.16875000 0.34687500 0.33750000
3 0.47968725 0.13541700 0.95937450 0.27083300
2 0.85937500 0.48229200 0.20000000 0.11875000
