2 0.06640600 0.85208300 0.07031200 0.02500000
3 0.13046900 0.77812500 0.13281200 0.06875000
4 0.16093800 0.81562500 0.10937500 0.11458300
0 0.02421900 0.85312500 0.04843800 0.02291700
1 0.03046900 0.81562500 0.06093700 0.04375000
1 0.21640600 0.84062500 0.11093700 0.13125000
5 0.11875000 0.83437500 0.15000000 0.06041700
1 0.08828100 0.83541700 0.10156200 0.04583300
1 0.12656200 0.71458300 0.13125000 0.08333300
4 0.10781300 0.83229200 0.15312500 0.05625000
5 0.06953125 0.86041700 0.13906250 0.01250000
3 0.08984400 0.78541700 0.12031300 0.07916700
5 0.18984400 0.72708300 0.11093700 0.10833300
4 0.15468800 0.71354200 0.13125000 0.10625000
1 0.20546900 0.83958300 0.10468800 0.14166700
2 0.15859400 0.77291700 0.15468800 0.02916700
