2 0.45689700 0.86476300 0.16155100 0.02847100
3 0.37561500 0.81978800 0.12194600 0.03051900
4 0.32667900 0.94306700 0.06762300 0.01927100
5 0.36731400 0.86222800 0.11929200 0.03224900
1 0.43132500 0.82099700 0.16397900 0.02996300
4 0.38314400 0.87427100 0.13861000 0.01776000
5 0.42281800 0.88455300 0.16044100 0.04047600
5 0.31791000 0.89401100 0.07591500 0.05255300
4 0.33701800 0.90610700 0.07624000 0.04796000
1 0.30045900 0.97125100 0.06348400 0.02076500
2 0.34713700 0.81224400 0.13335400 0.05441000
1 0.50717700 0.93024900 0.08619000 0.02919300
