2 0.18730500 0.53134400 0.19470600 0.17676100
4 0.70191700 0.94263100 0.22272000 0.07363700
4 0.16392900 0.60222100 0.14502000 0.15799800
5 0.58350500 0.83057700 0.10137200 0.02253400
2 0.21344000 0.47008500 0.14679700 0.16712300
2 0.19889600 0.52930700 0.15972100 0.19843700
4 0.12101100 0.47655500 0.15435600 0.23410200
1 0.17961900 0.49700500 0.13870200 0.20531100
0 0.22736300 0.41590400 0.16473800 0.19706900
3 0.59839500 0.77527800 0.13981000 0.03892000
2 0.20484300 0.58864000 0.11886500 0.09041000
5 0.65334100 0.87553900 0.21775300 0.11129000
1 0.13126300 0.46815500 0.21917200 0.16692900
1 0.68497900 0.95572100 0.19015300 0.08439100
3 0.14679100 0.53075900 0.21711500 0.17709800
5 0.66692500 0.90771100 0.19950200 0.11556600
3 0.47268700 0.82452400 0.22052900 0.05856600
1 0.59388700 0.78560800 0.13149900 0.03647100
2 0.16309500 0.69515300 0.17137200 0.20048200
3 0.24159400 0.69830200 0.13761100 0.07401100
4 0.26289600 0.49463000 0.13287100 0.23336000
1 0.76822500 0.98186900 0.11407200 0.03209500
4 0.10352900 0.64176000 0.20705400 0.18854300
0 0.31462000 0.45271500 0.19561800 0.21554200
4 0.19363100 0.52999700 0.13614300 0.14240800
4 0.89204900 0.92360900 0.16395200 0.06646000
4 0.07505200 0.54657800 0.14894200 0.23043900
1 0.13538100 0.52128600 0.15711200 0.16807200
3 0.27129700 0.46452700 0.15215300 0.14912400
