2 0.24052400 0.97425500 0.10570300 0.04732300
0 0.25152900 0.71445600 0.09271700 0.10101400
2 0.74214700 0.78101300 0.09382600 0.07558600
3 0.71220300 0.65529900 0.15200000 0.12269800
4 0.50560100 0.73108200 0.25599600 0.05222400
0 0.16707500 0.98261400 0.10436400 0.03060500
0 0.17149100 0.93483900 0.11173200 0.09744900
1 0.17712100 0.89788100 0.10939200 0.09221900
1 0.43156700 0.74762200 0.27184200 0.05619400
5 0.73315300 0.71295200 0.16294200 0.11801900
1 0.79474200 0.73319700 0.09720000 0.07905200
1 0.69898000 0.60194100 0.11563500 0.15293200
1 0.19937000 0.69861500 0.11331700 0.10404600
4 0.69951000 0.72776100 0.12720900 0.11084000
2 0.40994900 0.98593700 0.16564800 0.02395900
1 0.26028900 0.95103200 0.10094300 0.09377000
5 0.72291700 0.77947000 0.09626600 0.08593100
3 0.70730000 0.69582900 0.12625200 0.12842900
5 0.47619500 0.63327300 0.24648600 0.03845500
4 0.43484000 0.65634700 0.24032600 0.05065500
1 0.45724800 0.74503100 0.27107600 0.06816700
2 0.71696900 0.62505300 0.13478000 0.10501900
1 0.24522000 0.74736100 0.09123300 0.11087700
