2 0.17265600 0.98958300 0.10781300 0.01666700
0 0.31562500 0.70416700 0.18750000 0.10000000
2 0.78437500 0.54791700 0.30937500 0.16250000
3 0.58750000 0.36770800 0.39062500 0.15625000
4 0.24921900 0.61770800 0.25781200 0.11458300
0 0.12890600 0.95729200 0.22031200 0.08125000
1 0.13984400 0.93125000 0.21093800 0.08750000
1 0.10625000 0.67812500 0.21250000 0.07708300
5 0.60234400 0.44270800 0.42031200 0.16041700
1 0.83203100 0.42291700 0.33281300 0.15416700
1 0.61171900 0.30625000 0.34531300 0.20416700
1 0.26015600 0.70520800 0.19843700 0.08958300
4 0.58437500 0.49791700 0.39062500 0.15416700
2 0.56875000 0.98854200 0.24062500 0.01875000
1 0.27109400 0.95625000 0.18593800 0.08333300
5 0.69218700 0.56041700 0.29687500 0.18750000
3 0.65937500 0.44583300 0.36562500 0.16666700
5 0.20859400 0.50520800 0.20781300 0.18958300
4 0.20937500 0.55729200 0.18750000 0.17708300
1 0.13984400 0.66666700 0.26718800 0.04166700
2 0.53593700 0.31250000 0.40312500 0.16666700
1 0.30078100 0.74166700 0.18593800 0.12083300
