0 0.33453300 0.81642000 0.08642200 0.06345300
2 0.65791300 0.93046600 0.08512800 0.03079100
3 0.67623100 0.85545600 0.06362500 0.06412700
4 0.60611700 0.90164900 0.14763500 0.04677500
0 0.37443700 0.98812000 0.09345600 0.01959400
1 0.35621300 0.97599900 0.14295800 0.04383600
1 0.59684900 0.91507700 0.16116500 0.05405900
5 0.68831300 0.89771800 0.06484700 0.06171000
1 0.69123700 0.90599700 0.08010800 0.03574000
1 0.66335500 0.81608100 0.06405000 0.08780300
1 0.31237400 0.80159400 0.07902300 0.06836100
4 0.66816700 0.90276200 0.06690100 0.05539000
5 0.65872700 0.93171400 0.09194700 0.02910400
3 0.65707300 0.87687000 0.06237100 0.07567100
1 0.60298800 0.91400300 0.14686300 0.06673600
2 0.69277800 0.84331400 0.06570000 0.04146900
1 0.33673700 0.84726300 0.09811100 0.06422700
