2 0.29236900 0.76362300 0.14060200 0.07199700
4 0.26736900 0.78882900 0.09301800 0.07605000
2 0.30369700 0.70676700 0.10909300 0.06774800
2 0.29249100 0.74391400 0.12022600 0.09966900
4 0.24438000 0.71760400 0.10929500 0.11496500
1 0.27995500 0.72117200 0.09196500 0.09944500
0 0.30853600 0.65395900 0.12220600 0.10003700
3 0.56961900 0.88161200 0.11423600 0.02508500
2 0.28821000 0.76441300 0.08365700 0.03909100
5 0.61063300 0.96361900 0.15703000 0.06859600
1 0.25661300 0.72348300 0.15530400 0.06341400
3 0.26239700 0.75606300 0.15491200 0.08207800
5 0.63143400 0.97162000 0.12989300 0.05259400
3 0.48014900 0.92128300 0.16398100 0.04011100
1 0.56547000 0.88724600 0.11202600 0.02501000
2 0.26936500 0.85313700 0.10506800 0.11397700
3 0.32283200 0.85930400 0.09471700 0.02498200
4 0.33565800 0.71335500 0.08908700 0.12788300
4 0.23862600 0.83913400 0.14875200 0.08990700
0 0.37302000 0.69754600 0.13882700 0.10516600
4 0.28895100 0.74266700 0.09325100 0.05579600
4 0.20537900 0.74879100 0.09279500 0.12801600
1 0.25628700 0.75021300 0.11135900 0.06733900
3 0.34476700 0.70496600 0.11103700 0.05505300
