3 0.86093800 0.95416700 0.27500000 0.08750000
2 0.89140600 0.92291700 0.18906200 0.07083300
2 0.33906200 0.94062500 0.50625000 0.11041700
0 0.79843800 0.33958300 0.23750000 0.22083300
2 0.31640600 0.80208300 0.22343800 0.06666700
3 0.45390600 0.74687500 0.21093800 0.04375000
4 0.67734400 0.82291700 0.21718800 0.10416700
0 0.95000000 0.90833300 0.09687500 0.02916700
1 0.31484400 0.85520800 0.43281200 0.08958300
0 0.95859400 0.86875000 0.07968700 0.04166700
1 0.95546900 0.81562500 0.08593800 0.09375000
1 0.77187500 0.86458300 0.22500000 0.11666700
0 0.58203100 0.99479200 0.00781200 0.00625000
5 0.44921900 0.81250000 0.21406200 0.03750000
1 0.31562500 0.78541700 0.20937500 0.07916700
1 0.43203100 0.67395800 0.19843700 0.06875000
1 0.88828100 0.33333300 0.22031200 0.21666700
2 0.40000000 0.93229200 0.44375000 0.06458300
4 0.45078100 0.80520800 0.21718800 0.04375000
2 0.38046900 0.82187500 0.42343800 0.08958300
1 0.83515600 0.84166700 0.19531200 0.04583300
5 0.23359400 0.89583300 0.46718700 0.20416700
5 0.36328100 0.81979200 0.18906200 0.05625000
3 0.40546900 0.74687500 0.21406200 0.06875000
5 0.70546900 0.73750000 0.19843700 0.10416700
4 0.72812500 0.72291700 0.20625000 0.10416700
1 0.74375000 0.85937500 0.23125000 0.12708300
3 0.61875000 0.96041700 0.33750000 0.07500000
3 0.93125000 0.97708300 0.13437500 0.04166700
3 0.83125000 0.89166700 0.23750000 0.11666700
2 0.48046900 0.74791700 0.20156300 0.03750000
1 0.81718700 0.41562500 0.21250000 0.18125000
