2 0.51310700 0.87869200 0.16593700 0.01966600
4 0.43532400 0.86900900 0.15428800 0.02339000
5 0.38297800 0.98154500 0.10276000 0.03274300
2 0.48898400 0.82526800 0.15634900 0.02689700
2 0.46456200 0.84803200 0.15947100 0.03351000
4 0.47771400 0.82637300 0.16418200 0.03376500
1 0.46840400 0.82665700 0.15554600 0.03718800
0 0.46170600 0.77200300 0.15534700 0.02636600
2 0.39192400 0.83485900 0.14879700 0.02540900
1 0.51413300 0.84484800 0.16791200 0.03921300
3 0.48396800 0.86052400 0.16686800 0.02803700
3 0.36889900 0.97397200 0.09336000 0.04788900
1 0.38201300 0.94954900 0.08136400 0.05050200
2 0.41578300 0.91989100 0.14239500 0.06384100
3 0.45400700 0.93723300 0.15468600 0.03168700
4 0.47882700 0.83039200 0.14458400 0.04789900
4 0.48280700 0.92592000 0.17428300 0.01943700
0 0.52110200 0.83828100 0.15410800 0.03595600
4 0.46303200 0.84268600 0.15578100 0.02698200
4 0.40830200 0.81971600 0.15692200 0.07478700
1 0.48322100 0.85501800 0.16495100 0.02030100
3 0.50784400 0.83523500 0.15221800 0.05061600
