2 0.62409900 0.95039600 0.10273300 0.03579600
4 0.66082800 0.92454400 0.07069800 0.04015500
5 0.48494600 0.92563900 0.16309300 0.03551800
2 0.62535200 0.89640700 0.09235500 0.05277500
2 0.63725100 0.91032000 0.10201100 0.02301900
4 0.65621000 0.91357100 0.09413200 0.01978500
1 0.64364800 0.89642600 0.07037900 0.03377100
0 0.63132500 0.84269000 0.10341100 0.03392000
3 0.45681200 0.88198300 0.15993300 0.03750600
2 0.66498600 0.87105100 0.08785000 0.08485500
1 0.64272300 0.93472000 0.11114300 0.03936400
3 0.64845700 0.93753300 0.11666600 0.02224800
5 0.38107200 0.98161400 0.12931200 0.02358800
3 0.52158900 0.92609900 0.16386000 0.03562400
1 0.45524800 0.86923300 0.16623600 0.04520000
3 0.62222300 0.96662500 0.08208400 0.06258300
4 0.61125800 0.88414500 0.06390400 0.02700400
0 0.58262200 0.89821700 0.09933000 0.02528500
4 0.63927000 0.90436400 0.07935900 0.05854000
1 0.64872600 0.93285300 0.09461200 0.04443500
3 0.59877000 0.89643900 0.08627300 0.06434400
