0 0.50265800 0.78065900 0.16308900 0.03428500
3 0.60180700 0.90301500 0.10779100 0.03597900
4 0.67528800 0.94406800 0.06657900 0.05343400
1 0.62021400 0.97650000 0.16871300 0.02408800
1 0.72262100 0.96230200 0.07023500 0.06300600
5 0.62638600 0.93900500 0.06525000 0.02976000
1 0.55023100 0.93985800 0.11609200 0.02355200
1 0.58585000 0.86658100 0.11282000 0.05979000
1 0.53246400 0.76657800 0.16691700 0.04025000
4 0.62507000 0.94131800 0.06256900 0.02744100
3 0.56935300 0.91367200 0.11197200 0.05032400
5 0.68634600 0.88866800 0.06270200 0.04455900
4 0.67391600 0.88593100 0.06521900 0.03962000
1 0.71128900 0.96058000 0.07428900 0.07208900
1 0.51291400 0.81495300 0.16630200 0.02487000
