0 0.60102900 0.80174900 0.15044700 0.02722400
2 0.31406000 0.72215100 0.18035100 0.09105000
3 0.25601800 0.69823300 0.09310000 0.07471300
4 0.28986700 0.87552100 0.11710500 0.03492900
1 0.69776100 0.97231500 0.10379600 0.05120300
1 0.29130800 0.92719900 0.13295400 0.02510600
5 0.23631500 0.75119000 0.09399600 0.07083000
1 0.25665700 0.66941400 0.16510700 0.10284500
1 0.28382000 0.63495200 0.11000700 0.04422300
1 0.58957400 0.81742700 0.13991700 0.02752600
4 0.26991100 0.76487900 0.11248000 0.06033500
2 0.68138900 0.96684200 0.10315200 0.03919900
5 0.30225500 0.76163800 0.18016800 0.08901200
3 0.29416400 0.70022500 0.10785000 0.04456100
5 0.28707800 0.81983200 0.10390700 0.07046400
4 0.30472800 0.82753800 0.06853300 0.05578800
1 0.29165300 0.91618400 0.12514300 0.03545500
2 0.23059100 0.69777700 0.09764700 0.10682800
1 0.59436200 0.83634300 0.15448200 0.03323500
