4 0.17250000 0.81560100 0.34438900 0.07136100
5 0.08690200 0.47055200 0.17378800 0.29327100
3 0.09971500 0.42755600 0.19942700 0.23176400
5 0.18310400 0.69738400 0.35763900 0.10079500
5 0.13049800 0.73432600 0.26099300 0.07696800
3 0.07072200 0.39411700 0.14143500 0.37619700
1 0.06424800 0.41480900 0.12848800 0.31641300
3 0.66051600 0.11459400 0.59628300 0.22905000
2 0.15899800 0.93385300 0.31797100 0.06494900
0 0.81216700 0.07089600 0.33305900 0.14177100
4 0.49792700 0.92138800 0.16348900 0.03643900
