2 0.72703800 0.82223200 0.10515700 0.07935200
4 0.24563000 0.96446700 0.10164800 0.02684600
4 0.72884400 0.76799700 0.10360800 0.08350400
5 0.36638500 0.79738900 0.20166100 0.09367900
2 0.70595800 0.74173900 0.08987400 0.10583400
2 0.71688700 0.75805500 0.10168400 0.07358200
4 0.76313400 0.75820400 0.09805300 0.05993200
1 0.72205700 0.73798200 0.09224400 0.08219500
0 0.70193900 0.66086900 0.09927500 0.09022600
3 0.33148000 0.75093600 0.18128200 0.06047300
2 0.70014700 0.68069900 0.09913300 0.15754100
1 0.75868600 0.79500800 0.12361300 0.09112000
1 0.27329700 0.98642300 0.07822200 0.02298700
3 0.75136700 0.79507300 0.13152800 0.06954700
3 0.41143200 0.78966200 0.22373300 0.09775600
1 0.31132300 0.72704800 0.21650300 0.10614300
2 0.72149800 0.82129800 0.12650600 0.01690000
3 0.67544100 0.84588500 0.09578500 0.12391300
4 0.66588300 0.73037200 0.09721700 0.05136100
4 0.77290900 0.87581500 0.12761200 0.04198100
0 0.65528500 0.75986400 0.09098200 0.07174900
4 0.71321200 0.74717500 0.09171000 0.11582300
4 0.79509900 0.71985100 0.10013700 0.05874900
1 0.75233900 0.78771300 0.09661000 0.09462300
3 0.67324400 0.75259700 0.08459700 0.12512000
