0 0.30008800 0.76592100 0.13182400 0.07670200
2 0.70283500 0.73168800 0.16173600 0.07963100
3 0.59990300 0.61153500 0.23430000 0.09691000
4 0.36172800 0.74747400 0.21645500 0.04041400
0 0.18301000 0.96634300 0.14200500 0.06314700
1 0.18881000 0.94553500 0.12624700 0.06875200
1 0.26359700 0.78237300 0.21179300 0.02151200
5 0.61330100 0.66814600 0.24742200 0.09534900
1 0.74165700 0.66457800 0.16950100 0.07181500
1 0.60815400 0.55831700 0.20225300 0.13221500
1 0.25311000 0.76277000 0.14552200 0.07215300
4 0.59496700 0.69376600 0.22247300 0.09250800
1 0.28827800 0.96720200 0.11481800 0.06143000
5 0.65271400 0.73706700 0.14942700 0.09583600
3 0.63269900 0.65476500 0.21183500 0.10832500
5 0.33096000 0.66074800 0.18973300 0.08620200
4 0.31551600 0.68940700 0.17689600 0.08815900
2 0.57919500 0.57700000 0.23268900 0.08819900
1 0.29078900 0.79646300 0.12598000 0.09203400
