3 0.44375000 0.94583300 0.54062500 0.07916700
2 0.61015600 0.85937500 0.47343800 0.08125000
2 0.08125000 0.96666700 0.16250000 0.06250000
0 0.43359400 0.25312500 0.40781300 0.17291700
2 0.47968700 0.82708300 0.14062500 0.04166700
3 0.63984400 0.72187500 0.19843700 0.08958300
4 0.80937500 0.73750000 0.15312500 0.16666700
0 0.55390600 0.83333300 0.61093800 0.05833300
1 0.14296900 0.91979200 0.18906200 0.09375000
0 0.75546900 0.73854200 0.48593800 0.09375000
1 0.75078100 0.66354200 0.46718700 0.14375000
1 0.91796900 0.75104200 0.16093800 0.19791700
5 0.69375000 0.78020800 0.10937500 0.06875000
1 0.49843700 0.80833300 0.10937500 0.05833300
1 0.60859400 0.66562500 0.20156300 0.13125000
1 0.50937500 0.16875000 0.43750000 0.21250000
2 0.15390600 0.96562500 0.18906200 0.06458300
4 0.63437500 0.78958300 0.22187500 0.07916700
2 0.17656300 0.88125000 0.20312500 0.12500000
1 0.51875000 0.78437500 0.45937500 0.08125000
5 0.02265600 0.95416700 0.04531200 0.08750000
5 0.56640600 0.83020800 0.22656200 0.01458300
3 0.58125000 0.74895800 0.20312500 0.12291700
5 0.82812500 0.62708300 0.14062500 0.15833300
4 0.81093700 0.60416700 0.14375000 0.16250000
1 0.89375000 0.75625000 0.19375000 0.20833300
3 0.23906300 0.98437500 0.46562500 0.01875000
3 0.73203100 0.95104200 0.47968700 0.09375000
3 0.36953100 0.86562500 0.53281300 0.12291700
2 0.71875000 0.71562500 0.13437500 0.04791700
1 0.45546900 0.32187500 0.42656300 0.13541700
