2 0.14238700 0.92454700 0.20213500 0.09883200
0 0.22941300 0.61245900 0.18683000 0.13243900
2 0.80662800 0.47312700 0.23026300 0.19417200
3 0.65623700 0.26603400 0.36843100 0.21183400
4 0.28252300 0.46571200 0.33588600 0.13976100
0 0.10795800 0.95350400 0.21516100 0.08882500
0 0.07692800 0.87472500 0.15382200 0.12750700
1 0.07571500 0.82990500 0.15142700 0.12540200
1 0.13967200 0.50224500 0.27934200 0.12002100
5 0.68232600 0.33367800 0.39975600 0.20895800
1 0.87306700 0.35324700 0.24376000 0.20336800
1 0.66362000 0.21310000 0.30629000 0.26552900
1 0.16557600 0.60659100 0.20741700 0.12662100
2 0.42093300 0.98560000 0.13000000 0.02463400
4 0.64752900 0.38930600 0.34880500 0.21479800
2 0.49400600 0.92369700 0.24251700 0.04368600
1 0.19594900 0.88012800 0.17988500 0.13947400
5 0.73266500 0.46832600 0.21498900 0.22972800
3 0.70296400 0.35570300 0.32333600 0.21905000
5 0.23637900 0.33795800 0.28755300 0.22249800
4 0.21777700 0.40276500 0.26093100 0.21069700
1 0.17042700 0.49863400 0.34064300 0.06856800
3 0.09515700 0.98645700 0.19030300 0.02291900
3 0.22163200 0.96214900 0.18392700 0.07153500
2 0.62316100 0.18917300 0.36975600 0.23660800
1 0.21436200 0.64898000 0.18245600 0.15300300
