2 0.98046900 0.98229200 0.03593700 0.02708300
0 0.77265600 0.58854200 0.25781200 0.10208300
2 0.08828125 0.32812500 0.17656250 0.37708300
3 0.08437500 0.40833300 0.16875000 0.22500000
4 0.25234400 0.74479200 0.27656200 0.06875000
1 0.93046900 0.82187500 0.13593700 0.17708300
0 0.66484400 0.97812500 0.26718800 0.03125000
1 0.66093700 0.93750000 0.26875000 0.01250000
1 0.19843700 0.84062500 0.10937500 0.04791700
5 0.06796900 0.51145800 0.13593700 0.17291700
1 0.02187500 0.23750000 0.04375000 0.33750000
1 0.10546900 0.28645800 0.17968800 0.21458300
1 0.75859400 0.62604200 0.22968700 0.09375000
2 0.92578100 0.93125000 0.14531300 0.10000000
4 0.08828125 0.50937500 0.17656250 0.20625000
2 0.91093700 0.80416700 0.17500000 0.13333300
1 0.72968800 0.93645800 0.31562500 0.04375000
5 0.10859400 0.45104200 0.21718800 0.30208300
3 0.09921900 0.36875000 0.19843700 0.22083300
5 0.27890600 0.66562500 0.26406200 0.11875000
4 0.33671900 0.69375000 0.25781200 0.08750000
1 0.19296900 0.82291700 0.11718800 0.06666700
3 0.92578100 0.98854200 0.14531300 0.01875000
3 0.86953100 0.99479200 0.25781200 0.00625000
2 0.06718725 0.42916700 0.13437450 0.25833300
1 0.76562500 0.64583300 0.26875000 0.08333300
