2 0.08094900 0.47413900 0.16185100 0.20753500
4 0.25901800 0.55754700 0.30149600 0.14488200
5 0.85450800 0.55663700 0.28785900 0.17974100
2 0.08648300 0.37073500 0.09835700 0.13245600
4 0.07967200 0.45359900 0.15918500 0.19378200
1 0.21423100 0.45212100 0.30553800 0.17616700
0 0.32386900 0.37703800 0.09087200 0.18036400
3 0.88129700 0.44408900 0.23428200 0.27428300
2 0.41125500 0.52451900 0.14733000 0.12101800
5 0.93917200 0.49238000 0.11853000 0.38177900
1 0.08044900 0.46635700 0.16089300 0.20470700
3 0.08936800 0.49855100 0.14611600 0.18979600
3 0.80160400 0.60076300 0.32228800 0.12555400
1 0.88053600 0.46612000 0.23580400 0.13492100
2 0.30469900 0.67598900 0.30403300 0.12694800
3 0.28132200 0.62111700 0.31631200 0.09841500
4 0.26806500 0.41753400 0.31569900 0.18565400
4 0.08981700 0.63183200 0.17960200 0.21580400
0 0.19456400 0.31121100 0.28859800 0.28540200
4 0.22789800 0.47279600 0.30160300 0.14241400
4 0.66787500 0.25019100 0.66112400 0.50035200
1 0.08087300 0.49289800 0.16011700 0.16284800
0 0.77928500 0.72172200 0.43830400 0.36949300
3 0.75259500 0.81585600 0.49168500 0.36412100
3 0.79310400 0.83117000 0.41066700 0.13502000
3 0.19188200 0.35908300 0.31462900 0.17578900
