4 0.07439700 0.74590100 0.14878000 0.10000300
5 0.05270200 0.24661800 0.10538400 0.45941100
2 0.91509200 0.10796600 0.16669100 0.21587800
2 0.91464800 0.09589200 0.16757900 0.19178300
3 0.04397100 0.22793300 0.08793100 0.33778600
5 0.10219100 0.59666600 0.20436500 0.15900500
1 0.09448100 0.77935800 0.18894200 0.04743000
3 0.08394400 0.20814700 0.16787300 0.41627000
3 0.82297300 0.20007700 0.35093000 0.40013100
4 0.85178300 0.06184300 0.29331000 0.12368100
1 0.11720800 0.87961300 0.23438000 0.04837000
2 0.06858800 0.87516200 0.13714400 0.08521800
0 0.85057300 0.15280100 0.21233400 0.30553400
4 0.37811900 0.92572100 0.31966500 0.09866200
3 0.87813900 0.15326700 0.24059700 0.30650900
