0 0.69095300 0.77071700 0.13181000 0.04982500
2 0.26002900 0.77357400 0.09498900 0.08864400
3 0.27026800 0.75732000 0.11326100 0.05393400
4 0.39214200 0.90043700 0.15772800 0.02314700
1 0.67000000 0.95369200 0.12390000 0.06715600
1 0.41225100 0.94595800 0.15080400 0.02910000
5 0.25166100 0.80832100 0.12455500 0.04551000
1 0.20685800 0.73818500 0.09493100 0.10260800
1 0.28762500 0.69318900 0.08754800 0.04685800
1 0.69810900 0.78720300 0.11843000 0.04820600
4 0.28461200 0.81291400 0.09373200 0.05269700
2 0.66868300 0.94425000 0.12527200 0.03637800
5 0.27604700 0.80633100 0.09427900 0.08873300
3 0.28239700 0.75017600 0.10138100 0.04672900
5 0.40779300 0.84935400 0.15491900 0.04911600
4 0.46642700 0.85405300 0.10460500 0.04330500
1 0.40267800 0.93642500 0.14665500 0.04009900
2 0.26452500 0.76113900 0.09456800 0.08485100
1 0.68717000 0.80925100 0.14135500 0.04014500
