2 0.38959500 0.87696100 0.15655300 0.03696500
4 0.71568700 0.93782500 0.17808400 0.07882100
4 0.48592200 0.87561300 0.13121300 0.02986500
5 0.71468100 0.86153100 0.09325300 0.05107900
2 0.42102700 0.81837600 0.15675900 0.02908200
2 0.46500600 0.84660300 0.10494300 0.03682600
4 0.41122000 0.85052400 0.15045500 0.04573400
1 0.46552400 0.83140300 0.10915400 0.02511200
0 0.45851800 0.76317300 0.12403000 0.05573800
3 0.72479800 0.79616300 0.09184700 0.11025500
2 0.52420700 0.83048200 0.14937300 0.05337800
5 0.68376100 0.88690100 0.16157100 0.09893500
1 0.37631900 0.86134300 0.14194400 0.02982700
1 0.68326000 0.95812400 0.16024000 0.07958600
3 0.40782700 0.87587200 0.13785400 0.03795100
5 0.76966800 0.88716100 0.16535500 0.11431000
3 0.70178500 0.87515000 0.09953000 0.02575600
1 0.75186900 0.79074800 0.11595700 0.05333700
2 0.50311400 0.92343900 0.14841100 0.04825100
3 0.49303000 0.91618300 0.12352800 0.04942300
4 0.46893600 0.80458800 0.13155400 0.05968500
4 0.40172800 0.93968900 0.14653700 0.05426100
0 0.40575600 0.79698800 0.15653200 0.04792700
4 0.47019000 0.84073900 0.11221100 0.02646000
4 0.43609200 0.96081900 0.26756800 0.07419600
4 0.48153600 0.86456300 0.12781900 0.03610800
1 0.40941400 0.86956000 0.15414400 0.02891800
3 0.41342600 0.80804700 0.16011200 0.01832300
