2 0.51974600 0.71432400 0.25033700 0.04528600
4 0.40425700 0.70224400 0.22808500 0.05769900
5 0.33934000 0.90117000 0.14428400 0.05942500
2 0.48385000 0.64482400 0.23011400 0.05108000
2 0.44732600 0.67582700 0.23670500 0.06458700
4 0.46646500 0.63416600 0.24858900 0.06478600
1 0.45354200 0.64268900 0.22943100 0.07690600
0 0.44375200 0.57395300 0.22690300 0.05687800
3 0.35630500 0.86783000 0.14274200 0.02007500
2 0.34280000 0.66424500 0.21516700 0.03180400
5 0.43413100 0.97171900 0.16847900 0.03771500
1 0.52070000 0.65703200 0.25599200 0.07978000
3 0.47443900 0.68323900 0.25361700 0.06299100
5 0.40064800 0.98112600 0.15854700 0.03358100
3 0.31806500 0.88822000 0.13398900 0.08430000
1 0.34046300 0.86179800 0.11337500 0.07806600
2 0.37387600 0.77511600 0.21217800 0.11516800
3 0.43242600 0.80872800 0.22713200 0.03751700
4 0.46941200 0.65787200 0.20921500 0.08674800
4 0.47236900 0.77529200 0.27016700 0.03914100
0 0.53033100 0.67226900 0.22426300 0.06631200
4 0.44560700 0.66828300 0.22925200 0.05147100
4 0.36146800 0.61807900 0.23593400 0.13729100
1 0.47516800 0.67549200 0.24981700 0.04660900
3 0.51215400 0.66356700 0.22315900 0.07994600
