2 0.29609400 0.99166700 0.03906200 0.01250000
0 0.53828100 0.65312500 0.21406200 0.05208300
2 0.43203100 0.14687500 0.58593800 0.29375000
3 0.18046900 0.13958325 0.35781200 0.27916650
4 0.09609400 0.61458300 0.19218800 0.15833300
1 0.84687500 0.92604200 0.30312500 0.08125000
0 0.26953100 0.96145800 0.08906300 0.04375000
1 0.26718800 0.92395800 0.08125000 0.02708300
1 0.06406225 0.73020800 0.12812450 0.08541700
5 0.15703125 0.18333325 0.31406250 0.36666650
1 0.24375000 0.04270825 0.46250000 0.08541650
1 0.25625000 0.06458325 0.39375000 0.12916650
1 0.51718800 0.67604200 0.16250000 0.03958300
2 0.83593800 0.98645800 0.23750000 0.02291700
4 0.20781300 0.26562500 0.41562500 0.26041700
2 0.80546900 0.90833300 0.30468800 0.07083300
1 0.54843800 0.96770800 0.11250000 0.05625000
5 0.30937500 0.26354200 0.55937500 0.26875000
3 0.31171900 0.12812500 0.42656300 0.25625000
5 0.10000000 0.51250000 0.20000000 0.23750000
4 0.13203100 0.56250000 0.23593700 0.20833300
1 0.06484400 0.69687500 0.12968800 0.10625000
2 0.14296900 0.14166700 0.28593800 0.28333300
1 0.53437500 0.70104200 0.19375000 0.07708300
