2 0.23671900 0.77812500 0.11718800 0.06875000
4 0.88750000 0.87187500 0.19062500 0.14791700
4 0.39218800 0.80000000 0.21562500 0.05000000
5 0.79375000 0.78750000 0.17500000 0.08333300
2 0.33203100 0.71041700 0.21093800 0.06666700
2 0.35781200 0.75416700 0.19687500 0.07500000
4 0.30781200 0.75000000 0.20000000 0.09583300
1 0.35546900 0.73125000 0.21406200 0.06250000
0 0.40390600 0.64895800 0.11718800 0.09791700
3 0.82031200 0.69583300 0.16562500 0.17083300
2 0.47343800 0.74687500 0.17187500 0.06458300
5 0.81093700 0.79895800 0.17187500 0.18125000
1 0.22890600 0.76250000 0.12343800 0.06666700
1 0.83046900 0.91458300 0.17968800 0.16666700
3 0.25625000 0.77291700 0.07500000 0.06250000
5 0.92421900 0.80729200 0.14843800 0.19791700
3 0.75468700 0.81041700 0.19062500 0.05000000
1 0.85000000 0.69583300 0.22812500 0.08333300
2 0.47265600 0.86979200 0.12656200 0.07291700
3 0.40312500 0.84791700 0.22187500 0.05833300
4 0.42500000 0.69583300 0.14062500 0.10000000
1 0.81484400 0.95520800 0.21406200 0.08541700
2 0.84062500 0.99375000 0.10937500 0.00833300
4 0.25078100 0.86979200 0.11093700 0.08541700
0 0.32500000 0.67083300 0.20625000 0.10833300
4 0.36406300 0.74895800 0.21250000 0.03958300
4 0.52265600 0.89375000 0.49531200 0.16250000
4 0.43750000 0.80104200 0.08125000 0.04375000
1 0.30703100 0.77604200 0.20781300 0.05625000
3 0.32890600 0.69166700 0.21718800 0.03333300
