2 0.29371900 0.84951800 0.10301400 0.05420200
4 0.75576200 0.96366500 0.10135300 0.06850400
4 0.37294900 0.86081900 0.15455700 0.04240900
5 0.67657300 0.89345200 0.13226000 0.03185900
2 0.34187200 0.79134500 0.13977200 0.03982800
2 0.31313700 0.81210200 0.03933000 0.03414300
4 0.29196000 0.81873000 0.09418000 0.07212500
1 0.35021100 0.80904500 0.15345400 0.05143800
0 0.36954300 0.74753500 0.11410700 0.06790200
3 0.70011500 0.83741300 0.12622000 0.08446600
2 0.44892500 0.82583900 0.08534700 0.04149000
5 0.70967600 0.91663800 0.09612100 0.10028600
1 0.28334100 0.83105700 0.11079600 0.04592100
1 0.71989900 0.97112900 0.09563300 0.05357600
3 0.30495400 0.84943500 0.08068700 0.05992900
5 0.77974000 0.92855800 0.09682900 0.11066300
1 0.71682900 0.83715100 0.15885000 0.02240500
2 0.39668700 0.91192900 0.16033700 0.07183900
3 0.39375100 0.90738100 0.14843500 0.03859500
4 0.38126600 0.78881900 0.15850000 0.07662000
4 0.30192500 0.91929100 0.11801700 0.07021600
0 0.35380900 0.77271800 0.12485600 0.07348800
4 0.35954200 0.82203500 0.14733300 0.02595500
4 0.59670800 0.96941700 0.25721300 0.05699800
4 0.30965200 0.83202300 0.05874000 0.03788000
1 0.29366000 0.84347400 0.09692500 0.04438400
3 0.34918100 0.78325000 0.14049800 0.01872200
