2 0.10625000 0.90729200 0.21250000 0.11458300
0 0.21250000 0.45520800 0.29687500 0.20208300
4 0.03515600 0.05416700 0.07031200 0.10833300
0 0.10312500 0.95000000 0.20625000 0.09583300
1 0.66328100 0.90833300 0.39843800 0.03750000
0 0.04218800 0.87395800 0.08437500 0.08958300
1 0.04296900 0.81354200 0.08593800 0.07708300
1 0.14453100 0.46145800 0.28906200 0.18125000
2 0.59218700 0.97500000 0.40312500 0.04583300
2 0.61250000 0.87395800 0.38750000 0.07291700
1 0.14218725 0.81562500 0.28437450 0.22708300
5 0.54843800 0.98958300 0.07187500 0.01666700
5 0.95468800 0.01354200 0.08750000 0.02708300
4 0.02187500 0.06770825 0.04375000 0.13541650
3 0.34140600 0.99270800 0.26718800 0.01041700
3 0.05937500 0.98541700 0.11875000 0.02500000
3 0.17734400 0.94791700 0.32968800 0.10000000
1 0.18437500 0.50208300 0.30312500 0.23750000
