2 0.65310700 0.73556200 0.20280300 0.07912500
4 0.54535900 0.69609300 0.24958100 0.04502600
5 0.29291000 0.87040800 0.10181900 0.08157800
2 0.60972500 0.65725100 0.21376700 0.09486300
2 0.58114000 0.67655200 0.21315000 0.07655900
4 0.63597700 0.64728500 0.22255500 0.05598800
1 0.58931600 0.64885000 0.23653500 0.06177200
0 0.56825100 0.57606300 0.19613300 0.08471600
3 0.29456600 0.83591800 0.10502500 0.04250400
2 0.46161600 0.63477800 0.23413300 0.09360300
5 0.34939400 0.95844900 0.15797100 0.02472100
1 0.68074700 0.68272700 0.18096900 0.11521900
3 0.63325200 0.69789100 0.18356000 0.09259700
5 0.29168800 0.97129000 0.16416100 0.03519100
3 0.29226600 0.85570200 0.09366000 0.10260800
1 0.27563900 0.82477000 0.08144700 0.10121200
2 0.50772100 0.76383700 0.24818500 0.07415000
3 0.53740300 0.80285200 0.23156200 0.08235200
4 0.56547600 0.66467400 0.22283400 0.03169300
4 0.64832500 0.78793100 0.20527600 0.04449200
0 0.61436500 0.69136700 0.18129300 0.07840400
4 0.57731100 0.67180600 0.23122400 0.09093400
4 0.55121000 0.61085300 0.25991100 0.08976600
1 0.63586700 0.69074300 0.22346500 0.08673600
3 0.61216600 0.68092900 0.20237400 0.11910900
