3 0.91562500 0.97916700 0.16562500 0.03750000
2 0.75312500 0.94270800 0.40625000 0.02708300
0 0.83750000 0.43020800 0.32187500 0.16875000
3 0.02890625 0.20000000 0.05781250 0.22083300
4 0.18125000 0.60208300 0.36250000 0.11666700
0 0.83828100 0.97083300 0.32031200 0.05416700
0 0.71015600 0.91875000 0.34218700 0.04166700
1 0.70390600 0.86979200 0.34218700 0.02708300
1 0.09453100 0.73958300 0.10468800 0.07083300
5 0.00390600 0.36145800 0.00781200 0.06458300
1 0.04453125 0.07500000 0.08906250 0.15000000
1 0.82187500 0.48958300 0.29375000 0.15000000
4 0.02968725 0.28750000 0.05937450 0.26250000
2 0.98750000 0.66562500 0.02187500 0.13541700
1 0.79531200 0.85520800 0.40625000 0.06041700
5 0.01718800 0.12916700 0.03437500 0.25833300
3 0.04062500 0.11770825 0.08125000 0.23541650
5 0.21953100 0.52291700 0.33906200 0.18333300
4 0.39296900 0.56250000 0.12968800 0.12916700
1 0.08437500 0.71250000 0.12187500 0.09583300
3 0.90468700 0.95520800 0.18750000 0.08541700
3 0.82109400 0.99270800 0.10156200 0.01041700
3 0.86015600 0.93750000 0.27656200 0.02083300
2 0.00703125 0.27500000 0.01406250 0.15416700
1 0.83046900 0.50104200 0.33593800 0.13958300
