0 0.75016200 0.71774900 0.09384800 0.07201000
2 0.27689400 0.82151800 0.11812000 0.07165300
3 0.33113000 0.79820100 0.13087000 0.03318900
4 0.51871000 0.90829200 0.11865300 0.03273700
1 0.59286200 0.93680200 0.22164000 0.06094900
1 0.75143600 0.97213700 0.13416500 0.01972400
1 0.54143400 0.94915100 0.15047100 0.04183900
5 0.31318400 0.84776100 0.12605700 0.02158500
1 0.24255400 0.79734000 0.12225000 0.08693900
1 0.33816300 0.74021700 0.12459700 0.03778500
1 0.77944700 0.73343700 0.08734900 0.07082600
2 0.62951600 0.98825500 0.23030500 0.01932200
4 0.32888000 0.84736600 0.10463300 0.04030500
2 0.61131100 0.92601800 0.21563900 0.02309300
5 0.68397300 0.97633400 0.19329400 0.04316500
5 0.31377000 0.84699700 0.09226300 0.07191300
3 0.32433300 0.79458800 0.14056400 0.03589500
5 0.52422500 0.85516500 0.13988600 0.04560000
4 0.54486200 0.85476000 0.15821500 0.03765800
1 0.53278400 0.94051700 0.13841500 0.05001000
2 0.33706000 0.79807500 0.11650300 0.05418700
1 0.75170400 0.76309700 0.10465400 0.05637500
