2 0.40501900 0.98027800 0.22527600 0.03527800
2 0.76574500 0.98943200 0.20128800 0.01696900
0 0.51401000 0.69383800 0.16547100 0.04162600
2 0.39738300 0.38042600 0.38379300 0.15807900
3 0.22513000 0.33006300 0.25074400 0.20018200
4 0.14325200 0.67524200 0.16978600 0.11089500
1 0.73658900 0.90579100 0.22871300 0.07674200
0 0.30300600 0.95361300 0.10636400 0.04775200
1 0.30024300 0.92160300 0.09949900 0.03195000
1 0.08805000 0.75714200 0.17502800 0.07554600
5 0.19567900 0.39483700 0.24826700 0.20968200
1 0.33036600 0.23681900 0.40317700 0.18674100
1 0.27688500 0.25634100 0.27834100 0.12086200
1 0.49709300 0.71279600 0.12536600 0.03282400
2 0.70431000 0.96762600 0.20582900 0.06058200
4 0.23938700 0.44632700 0.29743100 0.14356900
2 0.69991300 0.89495400 0.21617200 0.06606600
1 0.44740900 0.94272300 0.22107900 0.06404400
5 0.79921600 0.98694100 0.17147600 0.02195100
5 0.31878700 0.44938900 0.37444000 0.15673800
3 0.31518200 0.35030500 0.29148700 0.12852000
5 0.13915900 0.59653000 0.18369200 0.16981300
4 0.18351200 0.63194400 0.17408300 0.15286300
1 0.09882300 0.73741300 0.15801700 0.07913400
2 0.15977200 0.31946000 0.28347100 0.23141700
1 0.51060300 0.73396000 0.14931400 0.06334000
