0 0.60948000 0.79203000 0.14206000 0.03259400
2 0.44105800 0.95597700 0.08641900 0.01758600
3 0.53585600 0.91460800 0.10608700 0.02356700
4 0.63769500 0.96474900 0.09667200 0.04543800
1 0.69253200 0.97911500 0.09175000 0.03760400
5 0.52977100 0.95219000 0.11750700 0.02297200
1 0.45699800 0.94208800 0.10785500 0.02998400
1 0.52373400 0.87476000 0.10317600 0.03833400
1 0.65247600 0.78609500 0.14780500 0.03511700
4 0.52906900 0.95216100 0.11975800 0.02098400
3 0.48275000 0.92214800 0.08079500 0.03890400
5 0.65449700 0.91456200 0.08384500 0.04097500
4 0.65737200 0.91186300 0.08345500 0.03640000
1 0.67785900 0.97554800 0.10013300 0.04473800
