2 0.66334800 0.60696700 0.29025600 0.12182200
4 0.37416600 0.13938700 0.74830600 0.27877000
4 0.80727200 0.52632100 0.30306900 0.19283300
5 0.78775500 0.07409000 0.42136500 0.14815200
2 0.68174800 0.48411400 0.29140000 0.17739100
2 0.73197900 0.50593000 0.32110400 0.11343100
4 0.72956700 0.54835600 0.29194900 0.10186600
1 0.73482700 0.48573800 0.27782400 0.16587600
0 0.72282600 0.36790300 0.30783500 0.13440700
2 0.85412200 0.37603400 0.28863000 0.29451500
5 0.39909300 0.10640800 0.79816900 0.21280400
1 0.67518900 0.59947000 0.28758600 0.10353600
1 0.41359800 0.24426600 0.82717000 0.46313500
3 0.71915200 0.58840100 0.30850600 0.07837200
3 0.83233300 0.11310600 0.33220900 0.22618600
2 0.85166600 0.58393300 0.29354400 0.13725600
3 0.75149700 0.59043500 0.33928200 0.25267500
4 0.69042700 0.42143300 0.27089500 0.18353700
1 0.32450700 0.43227900 0.64887600 0.39100700
2 0.49922600 0.39378900 0.99842300 0.37338200
4 0.73758300 0.70650100 0.32259400 0.07501500
0 0.61024800 0.45892400 0.27935100 0.10045300
4 0.73823700 0.49198700 0.29364400 0.20748300
4 0.86035800 0.51537000 0.27615900 0.11103800
1 0.71766200 0.58086600 0.29554500 0.14575700
3 0.08040000 0.87887100 0.16077100 0.21044400
3 0.64494700 0.46866600 0.25717900 0.19395000
