4 0.71796900 0.87916700 0.37343700 0.10833300
5 0.43515600 0.68750000 0.34218700 0.08333300
2 0.01484400 0.00937500 0.02968700 0.01875000
2 0.03203100 0.05208325 0.06406200 0.10416650
1 0.01406300 0.04270825 0.02812500 0.08541650
3 0.48515600 0.62708300 0.30468800 0.05833300
2 0.02734400 0.12604200 0.05468800 0.25208300
5 0.65390600 0.77083300 0.37031200 0.17083300
1 0.68046900 0.90729200 0.38593700 0.15208300
5 0.64218800 0.83125000 0.32187500 0.16666700
3 0.35703100 0.66666700 0.34218700 0.14583300
1 0.47578100 0.63125000 0.29531200 0.12083300
3 0.07500000 0.21562500 0.15000000 0.36875000
4 0.10234400 0.10000000 0.20468700 0.20000000
1 0.81484400 0.95520800 0.31718800 0.08541700
2 0.73281200 0.98854200 0.23437500 0.01875000
0 0.11328100 0.02395825 0.21406200 0.04791650
4 0.02968725 0.06145825 0.05937450 0.12291650
4 0.98515600 0.88020800 0.02656200 0.01041700
3 0.07890600 0.01145825 0.14218700 0.02291650
