2 0.58744100 0.88119400 0.15229200 0.04115200
4 0.43118800 0.91566200 0.26032400 0.03662600
4 0.65708400 0.85291700 0.14288900 0.05601200
5 0.60908500 0.79314800 0.22528700 0.05491900
2 0.59689000 0.81463100 0.15307400 0.06342100
2 0.62093300 0.83298000 0.16326900 0.02460900
4 0.62470500 0.84173500 0.15383000 0.02682900
1 0.62406400 0.81828500 0.13966000 0.04533300
0 0.61950800 0.74858100 0.16188300 0.03721000
3 0.57687600 0.72357700 0.23400200 0.10035900
2 0.69022200 0.78568300 0.15834300 0.10710500
5 0.46680500 0.86435400 0.24438800 0.04263600
1 0.59725700 0.86717800 0.15866800 0.03960500
1 0.45576600 0.95811800 0.25009700 0.07959700
3 0.61849100 0.86926500 0.16520300 0.02100900
5 0.48481600 0.84423900 0.26511900 0.05792700
3 0.64742100 0.80597700 0.19669600 0.03664400
1 0.59339300 0.69953700 0.20657200 0.07505500
2 0.67786400 0.89556800 0.13453200 0.02400900
3 0.62218800 0.90196400 0.15914300 0.09208800
4 0.59721900 0.79243100 0.13261700 0.04695700
4 0.62562100 0.93823600 0.16743600 0.02539100
0 0.54933900 0.80665100 0.16262000 0.02127800
4 0.62470000 0.82658600 0.14823100 0.07307800
4 0.24524100 0.97751200 0.09392200 0.04080900
1 0.61713500 0.86458300 0.15556000 0.05204700
3 0.57531500 0.80782200 0.13805700 0.07062700
