2 0.83368500 0.52484300 0.31001200 0.21288900
4 0.91274000 0.38488000 0.17139400 0.28571700
2 0.83554200 0.37551100 0.28288100 0.28820500
2 0.85849400 0.38455000 0.27988800 0.23035300
4 0.88146200 0.43379300 0.23395100 0.19395400
1 0.88276700 0.35229300 0.23134200 0.27336300
0 0.84742200 0.23239300 0.30203100 0.26934400
2 0.91629200 0.20030900 0.16429200 0.39784800
5 0.16966700 0.18588500 0.33931400 0.37143800
1 0.85502900 0.50895700 0.28681800 0.19969900
1 0.12695300 0.37416100 0.25388700 0.42304700
3 0.86280500 0.48870600 0.27126600 0.17210500
2 0.93917000 0.44312300 0.11853500 0.19790600
3 0.86002400 0.47230800 0.27682700 0.37787300
4 0.81035000 0.31135900 0.21985300 0.26774100
2 0.14520500 0.48748100 0.29035700 0.40953700
4 0.87854400 0.61958000 0.23978700 0.13230700
0 0.73469100 0.38687200 0.26717600 0.19196200
4 0.87517800 0.35816600 0.24651900 0.33029000
4 0.05990200 0.86733400 0.11979100 0.12833500
1 0.87438600 0.47165400 0.24810300 0.24689600
3 0.76910600 0.38164100 0.25068000 0.30169000
