2 0.56512500 0.96212200 0.11414800 0.02532300
4 0.61621400 0.94390200 0.10316400 0.03225500
5 0.57411200 0.92967000 0.15240100 0.02719800
2 0.57248700 0.91212800 0.11384000 0.04027800
1 0.59260500 0.91531600 0.10257400 0.02423000
0 0.58953200 0.86188200 0.12042100 0.02010300
3 0.55213100 0.88333400 0.15700400 0.05504000
2 0.63979500 0.89644900 0.11388900 0.07015900
5 0.47785900 0.97932500 0.16258300 0.02916400
1 0.57359500 0.94932600 0.11965700 0.02583000
5 0.48982400 0.97299500 0.17094000 0.04033300
3 0.60106300 0.93558900 0.13627500 0.01792500
1 0.56366500 0.87029300 0.13966100 0.03678500
2 0.63034800 0.97852800 0.09473500 0.01705500
3 0.59308800 0.97545500 0.10692500 0.04492400
4 0.57190000 0.89822200 0.09669100 0.02861600
4 0.59279500 0.92266700 0.10900200 0.04651300
1 0.58784300 0.94908100 0.11574000 0.03291500
3 0.55540900 0.90914000 0.10432000 0.04956700
