2 0.14218700 0.98229200 0.19687500 0.03125000
0 0.02812500 0.27083300 0.05625000 0.22916700
2 0.99296900 0.39166700 0.01093700 0.16666700
1 0.32812500 0.90416700 0.37187500 0.06250000
1 0.98046900 0.02291700 0.03593700 0.04583300
2 0.25781200 0.96041700 0.41562500 0.07500000
4 0.97500000 0.08541700 0.04687500 0.17083300
2 0.28906200 0.85625000 0.39062500 0.13750000
5 0.18437500 0.97395800 0.15000000 0.04791700
5 0.97421900 0.33333300 0.04843800 0.21250000
3 0.95937500 0.10729200 0.07812500 0.21458300
3 0.07890600 0.96145800 0.15781200 0.07291700
1 0.01093725 0.33854200 0.02187450 0.18958300
