2 0.77578100 0.57395800 0.34843800 0.18125000
4 0.08828125 0.11250000 0.17656250 0.22500000
4 0.88359400 0.45520800 0.22968700 0.26041700
2 0.79140600 0.42187500 0.32968800 0.26041700
2 0.82968800 0.43854200 0.33750000 0.19375000
4 0.84453100 0.49062500 0.30781200 0.16458300
1 0.84921900 0.40937500 0.29843800 0.24791700
0 0.82265600 0.27916700 0.35156200 0.22500000
2 0.90390600 0.28750000 0.18906200 0.34166700
5 0.22031225 0.09687500 0.44062450 0.19375000
1 0.80390600 0.56250000 0.34218700 0.16250000
1 0.27656225 0.24895825 0.55312450 0.49791650
3 0.83046900 0.54270800 0.33593800 0.13541700
3 0.90625000 0.00312500 0.18125000 0.00625000
2 0.91328100 0.52291700 0.17031300 0.17500000
3 0.83515600 0.53125000 0.32656200 0.35416700
4 0.78750000 0.34583300 0.29062500 0.26250000
1 0.14765600 0.48125000 0.29531200 0.44166700
2 0.38437500 0.32083325 0.76875000 0.64166650
4 0.84218700 0.67916700 0.31250000 0.10416700
0 0.68125000 0.41354200 0.34062500 0.16875000
4 0.84453100 0.41562500 0.30781200 0.30208300
4 0.92734400 0.45312500 0.14218700 0.11458300
1 0.83750000 0.52916700 0.32187500 0.21666700
3 0.72343700 0.41458300 0.31250000 0.27916700
