2 0.44080100 0.94164300 0.26921700 0.05246600
0 0.35676000 0.58831100 0.20845200 0.10886600
2 0.63914800 0.85710200 0.15001600 0.03168500
3 0.71989500 0.76757400 0.10226800 0.09012100
4 0.73693100 0.79071800 0.11834600 0.10259400
0 0.35194500 0.94726800 0.27443000 0.06502200
1 0.31361900 0.98143000 0.09384600 0.03297300
0 0.46997500 0.87031100 0.28628600 0.08363200
1 0.46809400 0.83079800 0.28522300 0.07192300
1 0.78479600 0.79739700 0.13257900 0.11967700
5 0.72641900 0.82006300 0.11190500 0.08443600
1 0.70111700 0.83743200 0.09270300 0.04643900
1 0.71468300 0.71348700 0.07585600 0.10321200
1 0.36109200 0.54761900 0.21198500 0.13011700
4 0.71498500 0.82434600 0.11735400 0.07905400
2 0.32043900 0.96086800 0.09998500 0.06308400
1 0.40728100 0.89844600 0.25464600 0.07880100
5 0.70014700 0.85622700 0.09403200 0.01888500
3 0.69743900 0.78679500 0.06952100 0.09290800
5 0.74304300 0.70091800 0.14134500 0.07699500
4 0.70624800 0.69874200 0.15456800 0.07451200
1 0.77636100 0.80069700 0.11702300 0.13481400
3 0.43212700 0.98925900 0.16142300 0.01731500
3 0.32742200 0.96197700 0.25190900 0.06354400
2 0.74419700 0.75576900 0.14064700 0.05825700
1 0.36349400 0.63197700 0.22267200 0.09997100
