2 0.50989400 0.96505000 0.08491000 0.01774600
4 0.55195800 0.95434900 0.11950900 0.02219300
5 0.63392600 0.94369800 0.09822200 0.02572600
2 0.51692000 0.91744000 0.10571200 0.02522800
4 0.52053300 0.93893700 0.10980600 0.02063800
0 0.53059900 0.87240400 0.11780800 0.02027300
3 0.62694100 0.89703900 0.10655400 0.06526500
2 0.58839700 0.91392500 0.12103000 0.05378100
5 0.55780800 0.97762500 0.14916300 0.04058300
5 0.59927100 0.97297000 0.15162400 0.04989300
1 0.64308200 0.88721500 0.07606500 0.03107900
2 0.56821500 0.98726100 0.11475800 0.02131100
3 0.54393700 0.98202900 0.11734500 0.03177500
4 0.52091700 0.90580700 0.11667200 0.03195400
4 0.53052700 0.93192700 0.12039400 0.03233700
1 0.51994400 0.95476200 0.10550800 0.02131200
3 0.50540700 0.91045600 0.10052400 0.02735500
