4 0.79733500 0.82263800 0.33936200 0.13647900
4 0.04937300 0.28138600 0.09874300 0.30514100
5 0.63164100 0.68318900 0.11138700 0.04760600
2 0.07574400 0.11251000 0.15147600 0.22496200
2 0.06537200 0.16939300 0.13073600 0.33878200
1 0.05434100 0.15184700 0.10868000 0.30368300
0 0.09024900 0.09840600 0.18046500 0.19673900
3 0.64965000 0.61173900 0.16436800 0.06692900
2 0.07785700 0.28315900 0.15569200 0.23852100
5 0.73803200 0.72648800 0.29879800 0.19327000
1 0.76385000 0.84601200 0.31712100 0.16743600
5 0.73890800 0.78621800 0.28349900 0.18540500
3 0.46059400 0.67376700 0.30947300 0.09258100
1 0.64277500 0.63394300 0.14803600 0.05962900
2 0.06043200 0.44107100 0.12025200 0.31724700
3 0.09892200 0.37663300 0.19780600 0.25500900
4 0.12329500 0.16487300 0.23309200 0.32970900
1 0.81813700 0.90159900 0.36060000 0.14724600
2 0.76073600 0.95154000 0.29595200 0.09275300
0 0.15852900 0.10898300 0.22168600 0.21795400
4 0.06301800 0.15550300 0.12599200 0.31088300
3 0.12226100 0.09972400 0.22961800 0.19944700
