2 0.16171900 0.25937500 0.32343700 0.33541700
4 0.71250000 0.94687500 0.19687500 0.06458300
4 0.07265625 0.39583300 0.14531250 0.28750000
5 0.37265600 0.78854200 0.11406200 0.04375000
2 0.15781200 0.20104200 0.28750000 0.31875000
2 0.13593725 0.29166700 0.27187450 0.33750000
4 0.08359400 0.18958325 0.16718700 0.37916650
1 0.09609400 0.23020800 0.19218800 0.39375000
0 0.16328100 0.15625000 0.29218700 0.31250000
3 0.49453100 0.74270800 0.25468800 0.03541700
2 0.08750000 0.41041700 0.17500000 0.15833300
5 0.68203100 0.85625000 0.15468800 0.09583300
1 0.12890600 0.15104200 0.25781200 0.30208300
1 0.70000000 0.95520800 0.16562500 0.06458300
3 0.12500000 0.25937500 0.25000000 0.30208300
5 0.67343800 0.89375000 0.13125000 0.09583300
3 0.34062500 0.77708300 0.17812500 0.09166700
1 0.39296900 0.71979200 0.06406200 0.03958300
2 0.07031225 0.53645800 0.14062450 0.33541700
3 0.16171900 0.55416700 0.23281300 0.13333300
4 0.20781300 0.27083300 0.19375000 0.38750000
1 0.82812500 0.99375000 0.04062500 0.00833300
4 0.09062500 0.38333300 0.18125000 0.31250000
0 0.31093700 0.21354200 0.34687500 0.33958300
4 0.10781300 0.28750000 0.21562500 0.28750000
4 0.92343800 0.95208300 0.15000000 0.05416700
4 0.00390600 0.37083300 0.00781200 0.14583300
1 0.09609400 0.23333300 0.19218800 0.34166700
3 0.25390600 0.21562500 0.28593800 0.28541700
