2 0.89921900 0.56458300 0.19843700 0.22916700
4 0.04140600 0.80312500 0.08281200 0.09375000
4 0.92656200 0.40625000 0.14375000 0.30000000
5 0.21015600 0.36562500 0.42031200 0.36041700
2 0.88593800 0.41562500 0.19687500 0.29375000
2 0.89843800 0.42187500 0.20000000 0.26041700
4 0.93828100 0.45000000 0.12031300 0.19583300
1 0.91406200 0.39166700 0.16875000 0.27083300
0 0.87421900 0.26250000 0.22343800 0.30000000
3 0.15937500 0.29375000 0.31875000 0.29583300
2 0.90156300 0.21666700 0.19375000 0.43333300
5 0.09140600 0.67187500 0.18281200 0.12708300
1 0.91718800 0.53958300 0.16250000 0.21250000
1 0.07265625 0.86041700 0.14531250 0.05833300
3 0.91093700 0.52291700 0.17500000 0.18750000
5 0.01328100 0.65625000 0.02656200 0.06250000
3 0.29921900 0.33333300 0.50781200 0.35833300
1 0.15859400 0.23229200 0.31718800 0.35625000
2 0.91953100 0.48645800 0.15781200 0.17708300
3 0.85390600 0.55625000 0.20468700 0.34166700
4 0.80625000 0.38645800 0.17812500 0.20208300
1 0.07656300 0.96666700 0.15312500 0.04166700
2 0.05703100 0.95312500 0.11406200 0.07708300
4 0.93437500 0.66354200 0.12812500 0.12291700
0 0.77812500 0.47187500 0.18437500 0.21875000
4 0.90625000 0.40000000 0.18437500 0.33333300
4 0.13984400 0.96666700 0.15156200 0.06250000
4 0.99531300 0.37083300 0.00625000 0.06666700
1 0.93203100 0.49375000 0.13281200 0.25833300
3 0.81328100 0.44791700 0.16406200 0.30833300
