0 0.35181000 0.87844400 0.09445500 0.04524300
2 0.63989000 0.88262300 0.11547900 0.03557300
3 0.56761100 0.80653200 0.15773600 0.05106700
5 0.57544700 0.84968300 0.16406400 0.05103500
1 0.66448500 0.84111700 0.12026600 0.02814600
1 0.57462000 0.76256900 0.13920400 0.07436200
1 0.31703500 0.87676900 0.10375800 0.04186700
4 0.56451600 0.86314500 0.15003600 0.04609000
5 0.60494900 0.88915000 0.10581900 0.04555800
3 0.59092100 0.82994700 0.14512400 0.06093900
5 0.38544600 0.83948200 0.13105000 0.04082900
4 0.37368200 0.85542800 0.12398400 0.04136500
1 0.36151600 0.92282500 0.15276600 0.02068500
2 0.55377200 0.78864400 0.15575700 0.03809300
1 0.34609000 0.90303600 0.08926900 0.05702000
