3 0.89427800 0.95608000 0.17978800 0.08367400
2 0.82427900 0.94019400 0.21691600 0.04315800
2 0.75815400 0.85628700 0.35977900 0.08275700
0 0.85124500 0.51989000 0.14527700 0.15030900
2 0.18549300 0.66815200 0.18145400 0.13599000
3 0.27088600 0.65884900 0.17657100 0.06573300
4 0.52322800 0.81248600 0.15886600 0.05023700
0 0.91697900 0.95089200 0.16291600 0.05359600
1 0.64501400 0.76924200 0.35070900 0.13974400
0 0.85601000 0.92022000 0.19248300 0.03002600
1 0.84997100 0.88133600 0.20432000 0.04742100
1 0.55381700 0.86904500 0.19703700 0.05765300
0 0.77638400 0.96975400 0.26337000 0.05632500
5 0.25042600 0.72493300 0.18031500 0.05181300
1 0.14345500 0.64296300 0.18569200 0.15176900
1 0.28129600 0.58214200 0.17337900 0.07983300
1 0.88743600 0.55041000 0.13248000 0.14174400
2 0.70467700 0.85840900 0.36320700 0.07079600
4 0.26877300 0.72085700 0.15304000 0.08005100
2 0.67194100 0.76113300 0.33352100 0.08017100
1 0.82036700 0.94307100 0.35614000 0.05346700
1 0.82269100 0.87550200 0.21665300 0.03355700
4 0.67869800 0.92175200 0.41454200 0.15232800
5 0.77480800 0.81592200 0.39501700 0.07400100
5 0.24017400 0.71054100 0.13927500 0.12764600
3 0.25924600 0.64501900 0.20080500 0.07751700
5 0.53112700 0.74768400 0.18412600 0.06715700
4 0.55911000 0.74407200 0.20865700 0.05878600
1 0.54227700 0.85763300 0.18139500 0.06902600
3 0.85710900 0.93358700 0.18625400 0.12553600
3 0.84578400 0.98134500 0.13226500 0.03314400
3 0.89052800 0.91508100 0.21581900 0.06930700
2 0.26396400 0.66683700 0.12103900 0.09656100
1 0.85336500 0.58273700 0.16763300 0.12493800
