3 0.81051900 0.98425600 0.14717600 0.02732200
2 0.69540800 0.97350700 0.23154700 0.02040200
2 0.86303700 0.91023500 0.18171700 0.07572100
0 0.75755200 0.62126200 0.18682700 0.09708000
2 0.14822600 0.56811000 0.14236200 0.18681700
3 0.17887500 0.58419100 0.17417400 0.11688400
4 0.35516500 0.79943700 0.21277300 0.04074700
0 0.78812800 0.98438600 0.22415500 0.02706100
1 0.76257700 0.81030500 0.18197900 0.14810400
0 0.69447300 0.95672500 0.20583100 0.02356800
1 0.69138900 0.92401600 0.21173300 0.01957600
1 0.38373400 0.86258000 0.19996300 0.03852000
5 0.15007900 0.65148600 0.19359900 0.10006700
1 0.07383300 0.52462300 0.14765600 0.20027800
1 0.20256400 0.49737300 0.13538700 0.11174500
1 0.76343500 0.65083500 0.16673400 0.09063000
2 0.77936200 0.89661600 0.20080500 0.08460800
4 0.19419500 0.65559600 0.14821400 0.11268000
2 0.75513100 0.80477800 0.18129500 0.09499000
1 0.92476600 0.98036700 0.14734200 0.03510000
1 0.71625500 0.91733700 0.23806900 0.02933500
4 0.88834000 0.93914400 0.21496500 0.11754600
5 0.17886800 0.62834500 0.13004800 0.17094900
3 0.18827200 0.56152600 0.16322400 0.11449600
5 0.37837100 0.73692900 0.20429400 0.07525600
4 0.45438000 0.74303000 0.13976300 0.06723300
1 0.37025200 0.84878600 0.19655900 0.05282900
3 0.82772500 0.96329000 0.23151200 0.06925400
3 0.79930600 0.96245400 0.25558300 0.02935900
2 0.17459600 0.59704600 0.14396400 0.15031900
1 0.75341600 0.67273500 0.20025200 0.07976200
