2 0.82791400 0.56191600 0.15848000 0.19070700
4 0.15723200 0.89993500 0.21178900 0.04886300
4 0.76431700 0.45538700 0.28199000 0.18615000
5 0.19256800 0.63953700 0.15444000 0.20004000
2 0.77351000 0.44775500 0.18084000 0.22778800
2 0.76452400 0.45752200 0.17348500 0.20449800
4 0.85993400 0.43404700 0.17516600 0.18546800
1 0.78359600 0.42411900 0.23969100 0.18567300
0 0.73560500 0.32010400 0.15492900 0.23391300
3 0.17583600 0.59654000 0.13682600 0.14237600
2 0.65807000 0.31770500 0.26688300 0.29761500
5 0.20361700 0.81560300 0.19516200 0.05632300
1 0.89406600 0.49651100 0.15695600 0.23736100
1 0.18961100 0.92933300 0.20787800 0.02776100
3 0.85583500 0.49401300 0.16098300 0.21844700
5 0.10425000 0.82128000 0.20840300 0.04265700
3 0.23004100 0.60586600 0.20519300 0.22914200
1 0.14600400 0.56911800 0.17825500 0.21612500
2 0.73044900 0.53185300 0.33873500 0.08033600
3 0.69601900 0.60427600 0.24335300 0.21896800
4 0.70486600 0.44920800 0.24757500 0.10008000
2 0.14774300 0.98718200 0.22392500 0.02146900
4 0.89824600 0.61213600 0.17643900 0.15246000
0 0.72113500 0.51054900 0.13903400 0.17945000
4 0.76366000 0.44323600 0.22531900 0.24044200
4 0.35384500 0.98595300 0.10309300 0.02392700
4 0.85094000 0.31614700 0.27897500 0.19135000
1 0.84874800 0.48605900 0.17828000 0.22529100
3 0.73921700 0.48712800 0.17003600 0.24554300
