2 0.66227100 0.93080800 0.07073100 0.04334800
4 0.66070700 0.89983900 0.07390300 0.04125700
5 0.40917100 0.93136100 0.13844500 0.04956000
2 0.64778300 0.87318400 0.06262500 0.06032100
2 0.65307000 0.88822300 0.06755900 0.03482600
4 0.68741800 0.88654200 0.06554000 0.02537700
1 0.65854900 0.87284700 0.06708800 0.04101400
0 0.64478700 0.81535800 0.06801500 0.04423600
3 0.38414900 0.89581400 0.12758400 0.02910200
2 0.63871500 0.84373500 0.06853300 0.09095700
1 0.68646500 0.91022300 0.08249200 0.05168800
3 0.67909200 0.91335300 0.08667900 0.03391800
3 0.44022200 0.92771600 0.15119600 0.05435300
1 0.37160000 0.88179300 0.14857200 0.06063300
3 0.62274600 0.95521600 0.06681300 0.07468500
4 0.61940700 0.86551400 0.07110500 0.02183600
0 0.61261200 0.88306600 0.06408000 0.03827300
4 0.65140300 0.88077300 0.06584400 0.06592200
4 0.70606500 0.86637600 0.07182300 0.02283400
1 0.67987300 0.90834800 0.06565900 0.05241800
3 0.62533100 0.87898900 0.06037300 0.07642800
