2 0.40355100 0.17392400 0.80701800 0.34782400
2 0.76630500 0.54542600 0.30223300 0.12104500
3 0.91573600 0.34022200 0.16540200 0.29301800
1 0.09560800 0.68291500 0.19118200 0.20514600
5 0.90818300 0.44276100 0.18051000 0.24728800
1 0.88960600 0.52639000 0.15969300 0.13576200
1 0.92766000 0.24198200 0.14155500 0.26705000
2 0.09149700 0.73421000 0.18296000 0.20460900
4 0.90902100 0.42593800 0.17883400 0.24707400
2 0.10359500 0.59868900 0.20719000 0.30904200
1 0.31008200 0.15918800 0.62014800 0.31837400
5 0.90711300 0.51613400 0.18264900 0.09630600
3 0.89864200 0.37611300 0.14097500 0.25065100
3 0.49925100 0.16592400 0.99837300 0.33179300
2 0.92298800 0.33322700 0.15090000 0.19795400
