2 0.30488700 0.95633400 0.20659300 0.07029100
0 0.26230700 0.64599900 0.11725800 0.12145400
2 0.71829200 0.82796100 0.12051200 0.05969200
3 0.74699700 0.71345200 0.08999400 0.11455900
4 0.65758800 0.75022600 0.21806600 0.09114000
0 0.20189200 0.96483200 0.15880400 0.06616900
0 0.27340700 0.89074500 0.20138300 0.10775200
1 0.27834600 0.85078000 0.21430000 0.09870600
1 0.64915900 0.75431500 0.24806700 0.10601600
5 0.76556900 0.76996800 0.09103700 0.10932300
1 0.76145000 0.79605600 0.11905400 0.06648700
1 0.72669500 0.66465900 0.09178900 0.14434600
1 0.22587700 0.61470400 0.10838700 0.13595400
4 0.73814100 0.77677900 0.09998400 0.10077600
2 0.34714600 0.97548600 0.14504800 0.04486200
1 0.30312100 0.91954600 0.18606600 0.09792700
5 0.72366900 0.82353400 0.13106000 0.05551000
3 0.71794700 0.74827500 0.08913900 0.12467900
5 0.64311400 0.65162300 0.23389000 0.04452600
4 0.59097600 0.66070900 0.23871400 0.04527900
1 0.65680500 0.75382000 0.22227600 0.11800500
3 0.24783500 0.97431100 0.15890000 0.04721100
2 0.77460700 0.69255000 0.10129200 0.08769700
1 0.26400900 0.68523200 0.13550800 0.12052700
