2 0.41793900 0.95995300 0.11595600 0.02047600
4 0.48993600 0.95637200 0.09857300 0.01861100
5 0.65179800 0.96229200 0.06419800 0.02270300
2 0.44099300 0.91404400 0.11748800 0.01715200
2 0.47469300 0.93543200 0.07750300 0.02171500
4 0.43295400 0.93391400 0.11376800 0.03434700
0 0.46928200 0.87036200 0.09320400 0.03390800
3 0.65851200 0.91786900 0.06407900 0.06257200
2 0.51883100 0.92104900 0.11364400 0.03925800
5 0.61752800 0.97947600 0.09632400 0.03688100
3 0.43109600 0.95604200 0.10274100 0.02345000
5 0.67124900 0.97798400 0.09268300 0.03986500
1 0.67803600 0.91277200 0.07422200 0.02221600
2 0.49838000 0.98691500 0.10300300 0.02200400
3 0.49561400 0.98528500 0.09116400 0.02526300
4 0.47719000 0.90495800 0.09811700 0.04093700
0 0.43047100 0.90249800 0.11546800 0.02689900
4 0.47803600 0.93032200 0.08418700 0.01715600
4 0.48626000 0.94476900 0.09751700 0.02578900
1 0.43204100 0.95155000 0.11572400 0.01748400
