2 0.13515625 0.16770825 0.27031250 0.33541650
2 0.02109400 0.98229200 0.04218800 0.03125000
2 0.93046900 0.53645800 0.13593700 0.16041700
3 0.94218700 0.30104200 0.11250000 0.32291700
4 0.96640600 0.06354200 0.06406200 0.12708300
1 0.09140600 0.83958300 0.18281200 0.11666700
5 0.95703100 0.44583300 0.08281200 0.23333300
1 0.93046900 0.51770800 0.13593700 0.18958300
1 0.93515600 0.18645825 0.12656200 0.37291650
2 0.07656300 0.90416700 0.15312500 0.11666700
4 0.92812500 0.41458300 0.14062500 0.30000000
2 0.09140600 0.76770800 0.18281200 0.20208300
1 0.10156225 0.14375000 0.20312450 0.28750000
5 0.92109400 0.51354200 0.15468800 0.13541700
3 0.92500000 0.33958300 0.14687500 0.36666700
3 0.02109400 0.08437500 0.04218800 0.16875000
2 0.95234400 0.29791700 0.09218800 0.18333300
