2 0.32116700 0.44296000 0.34642100 0.15150900
4 0.56420700 0.96136700 0.22904100 0.04613200
4 0.19849400 0.48766600 0.21110600 0.19463800
5 0.38809900 0.81837400 0.20502600 0.06248400
2 0.31019700 0.37429300 0.29173400 0.15832100
2 0.26652600 0.43223900 0.30100700 0.19114700
4 0.22819700 0.34139000 0.30912200 0.24312900
1 0.25777900 0.38019000 0.23052600 0.23946100
0 0.28222600 0.31199400 0.28486300 0.17257300
3 0.40672000 0.77816500 0.16467600 0.01968100
2 0.18357100 0.48523100 0.21233200 0.08323600
5 0.53438600 0.89254100 0.23049700 0.07884100
1 0.27079500 0.35243500 0.37321900 0.14111800
1 0.57115500 0.97093800 0.18405900 0.05395800
3 0.23895900 0.42361300 0.36100500 0.14722100
5 0.51606600 0.92379500 0.21232900 0.08658700
3 0.34785700 0.80417400 0.21858400 0.09953300
1 0.40534500 0.77500400 0.17055500 0.08388000
2 0.17010400 0.60108500 0.16801500 0.24517500
3 0.28807800 0.63346600 0.24853200 0.05393300
4 0.33029500 0.41453000 0.21058100 0.24283000
4 0.20657800 0.53391000 0.38123200 0.17194300
0 0.41444600 0.40353500 0.30863800 0.17432500
4 0.26419800 0.42548100 0.24560400 0.15650700
4 0.82018400 0.97135300 0.21636300 0.03813000
4 0.09342100 0.38089500 0.18683800 0.30970800
1 0.24800300 0.40211200 0.31183900 0.16697500
3 0.37791400 0.39935100 0.28138700 0.13588600
