3 0.22720200 0.94789100 0.28291500 0.03864800
2 0.15886500 0.84475000 0.31767300 0.13320200
2 0.73409000 0.92840000 0.25878800 0.03540600
0 0.25030400 0.47409300 0.15490800 0.12327800
0 0.16938400 0.91159200 0.32769900 0.12689600
1 0.74502200 0.80550700 0.30247500 0.08259800
0 0.10839000 0.81781500 0.21677800 0.13153600
1 0.10798500 0.76962500 0.21596100 0.12041700
1 0.22048200 0.50067500 0.21839900 0.11644200
2 0.70989700 0.87940500 0.22593600 0.08429400
2 0.70966400 0.78323800 0.24722800 0.09284100
1 0.21042900 0.78480200 0.30014500 0.18659800
4 0.86971900 0.97623200 0.25743700 0.04336900
5 0.77624700 0.94073300 0.34605600 0.06577200
3 0.32046900 0.94608700 0.09643100 0.06954700
3 0.11939200 0.93250200 0.23877800 0.05051900
3 0.25608100 0.89047700 0.21882800 0.07163200
1 0.24080000 0.52155200 0.18659300 0.16544300
