2 0.42311900 0.88426600 0.14997800 0.02071300
4 0.36416200 0.88616000 0.10470400 0.03610400
2 0.41375800 0.83524300 0.13505300 0.01982300
2 0.39435500 0.85932800 0.13868000 0.04720700
4 0.38137000 0.83867300 0.13969500 0.05533700
1 0.38974100 0.83923400 0.11254100 0.05154500
0 0.39614000 0.78634900 0.13819500 0.04188700
1 0.40335600 0.85225900 0.15895100 0.02051700
3 0.38740300 0.87218800 0.15705600 0.03039900
1 0.44617200 0.95959500 0.09515100 0.03472800
2 0.35031500 0.93646200 0.08728000 0.07083000
3 0.40209200 0.94764300 0.12053800 0.01671400
4 0.41997600 0.83947900 0.10294700 0.06733600
4 0.37927500 0.93487700 0.15878400 0.03898100
0 0.45953100 0.83971600 0.14412400 0.04482100
4 0.39156100 0.85692900 0.11991500 0.01837400
4 0.31810800 0.84567100 0.10078500 0.08390800
1 0.39009400 0.86597100 0.14105300 0.01963100
3 0.44221900 0.83961400 0.13281000 0.03083600
