3 0.90863800 0.91282400 0.17959800 0.13610500
2 0.90327300 0.88684000 0.17564700 0.07415600
2 0.52740200 0.83421300 0.47763700 0.08476300
0 0.85679500 0.38837000 0.15544500 0.20426400
2 0.88447900 0.96879500 0.22791700 0.05824400
2 0.29075300 0.73377900 0.20636700 0.09079600
3 0.37946000 0.70302200 0.12848300 0.03660300
4 0.63245600 0.80109400 0.21191600 0.08301300
0 0.96645100 0.87677100 0.06397300 0.05977400
5 0.73217000 0.95777000 0.42513800 0.08029400
1 0.45820800 0.75837800 0.41826400 0.10080600
0 0.94986100 0.85231600 0.09715300 0.04897500
1 0.94516500 0.81015000 0.10654500 0.08478100
1 0.71082500 0.84769200 0.21295700 0.09295100
0 0.55054700 0.94497900 0.41364600 0.10587600
5 0.35920500 0.76469300 0.10639600 0.02285700
1 0.27717100 0.71953100 0.19749600 0.10310600
1 0.38389600 0.63170400 0.15688400 0.05975600
1 0.92652900 0.40176700 0.14381700 0.19572700
2 0.53943500 0.83822700 0.42487400 0.04600500
4 0.36350800 0.75790000 0.10399400 0.04574900
2 0.51412800 0.74194500 0.40569200 0.05763700
1 0.57036400 0.91220700 0.54323300 0.06057300
1 0.86803200 0.81093900 0.16842400 0.05523200
4 0.36528800 0.93259400 0.51431200 0.10906700
5 0.43315500 0.78528100 0.52565100 0.16699400
5 0.33760000 0.76122000 0.16541000 0.08312000
3 0.36117400 0.69555600 0.18010800 0.05875100
5 0.65993700 0.72639000 0.19769900 0.08577800
2 0.85861400 0.93815000 0.27964700 0.11953400
4 0.68780000 0.71542700 0.20640300 0.08332600
1 0.68706200 0.83954600 0.21563400 0.10212900
3 0.76248600 0.88721100 0.24515400 0.13217100
3 0.92991100 0.95320200 0.13705300 0.08943000
3 0.90256900 0.84677300 0.18044100 0.11792000
2 0.43423300 0.71069900 0.18908200 0.05474000
1 0.87284700 0.45452900 0.15341900 0.16671300
