0 0.68101300 0.85275900 0.06438700 0.03458200
2 0.33922400 0.92700700 0.07990400 0.03903100
4 0.51476100 0.98104200 0.08889200 0.02202900
1 0.31224500 0.90644300 0.08326800 0.05163800
1 0.37966600 0.85666100 0.09002800 0.02098000
1 0.70410600 0.86103100 0.06079800 0.03567200
4 0.37212500 0.93967100 0.07136800 0.01976000
5 0.36487100 0.94319000 0.06314600 0.04207100
3 0.37084600 0.90097900 0.09999300 0.02088300
5 0.51868300 0.93866700 0.10610600 0.03129800
4 0.53403100 0.93961300 0.11965000 0.02466700
2 0.37837500 0.90142300 0.08699700 0.03735000
1 0.68216900 0.88563000 0.06950200 0.02502500
