0 0.51154600 0.81175100 0.12616000 0.02521400
2 0.43543200 0.69321500 0.24135500 0.06220900
3 0.31910500 0.63915100 0.17248900 0.07608600
4 0.25577500 0.83692100 0.10172600 0.04691500
1 0.68418600 0.98656800 0.11412700 0.02269700
1 0.21032000 0.88953600 0.10881900 0.03014200
5 0.30435700 0.69404300 0.16971400 0.07805000
1 0.39587000 0.61867500 0.24789900 0.06796400
1 0.35014700 0.57890300 0.19064100 0.03209000
1 0.49591100 0.82310100 0.10116400 0.01890700
4 0.32930000 0.71733700 0.19947800 0.05051700
2 0.64113600 0.98341800 0.14777500 0.02899700
5 0.38513400 0.72744800 0.23797900 0.07437600
3 0.37796800 0.65500700 0.19503100 0.03068500
5 0.24597100 0.77364700 0.11520900 0.09216600
4 0.27451300 0.79382700 0.11304100 0.08392700
1 0.22136900 0.87849900 0.09409900 0.03381200
2 0.27684200 0.62954200 0.19132100 0.10619500
1 0.50554900 0.84415700 0.12013400 0.04305000
