3 0.05078100 0.89583300 0.10156200 0.06666700
2 0.20000000 0.69895800 0.40000000 0.26041700
2 0.03203100 0.98750000 0.06406200 0.02083300
0 0.08984400 0.14895825 0.17968800 0.29791650
2 0.82734400 0.69687500 0.13593700 0.10625000
3 0.88671900 0.49479200 0.19531200 0.25625000
4 0.86328100 0.39791700 0.27031300 0.36666700
1 0.13046900 0.92500000 0.26093700 0.09166700
0 0.19375000 0.37395800 0.38750000 0.50625000
1 0.20546900 0.30833300 0.41093800 0.46666700
1 0.89453100 0.26562500 0.20781300 0.47291700
5 0.91093700 0.58541700 0.17500000 0.24166700
1 0.86250000 0.66875000 0.20000000 0.13333300
1 0.85781200 0.42604200 0.16562500 0.27291700
1 0.04765600 0.09062500 0.09531200 0.18125000
2 0.11953125 0.95937500 0.23906250 0.07708300
4 0.88281200 0.59270800 0.23125000 0.23125000
2 0.13125000 0.87395800 0.26250000 0.15208300
1 0.17265625 0.63125000 0.34531250 0.29166700
5 0.01796900 0.98750000 0.03593700 0.02083300
5 0.85234400 0.67812500 0.21093800 0.09375000
3 0.83515600 0.56354200 0.15468800 0.25625000
5 0.84609400 0.19791700 0.30468800 0.31666700
4 0.78750000 0.18854200 0.42187500 0.32291700
1 0.90156300 0.32083300 0.19375000 0.50416700
3 0.05312500 0.95625000 0.10625000 0.05416700
3 0.23359400 0.82083300 0.46718700 0.09583300
3 0.06796900 0.78958300 0.13593700 0.19583300
2 0.90703100 0.46562500 0.18281200 0.20625000
1 0.11171900 0.16875000 0.22343800 0.33750000
