3 0.25426100 0.85505400 0.40016300 0.05671700
2 0.39847600 0.75040800 0.45861300 0.12427900
2 0.13798300 0.94698000 0.17718000 0.10098300
0 0.27945100 0.23692800 0.31702700 0.24639100
2 0.12356100 0.96681700 0.24708200 0.06219800
2 0.68795900 0.73649900 0.20687600 0.05958500
3 0.80358000 0.60507700 0.14741400 0.15692300
4 0.85728500 0.57429700 0.17345900 0.21401000
0 0.23981000 0.72732100 0.47952000 0.16566600
1 0.22664900 0.88156800 0.14704100 0.08329200
0 0.44556800 0.58877800 0.51528700 0.20959500
1 0.44288500 0.53087200 0.50936800 0.18661700
1 0.92514700 0.54880800 0.14658100 0.26496300
5 0.81175500 0.67286900 0.16726200 0.14552800
1 0.77139000 0.71598900 0.12383800 0.07746600
1 0.79509800 0.53559900 0.10269300 0.16019700
1 0.27938500 0.14542400 0.33141000 0.28981500
2 0.20506200 0.92074300 0.19146900 0.09071300
4 0.79989900 0.67766400 0.17150100 0.13940500
2 0.23426800 0.84403100 0.15772200 0.12372800
1 0.34565600 0.69191600 0.42131300 0.15906700
5 0.08519600 0.93935900 0.17034700 0.11711500
5 0.77609000 0.72866600 0.13027700 0.04203000
3 0.77116800 0.63336600 0.09807800 0.14731400
5 0.86165000 0.43931800 0.19416200 0.18169400
4 0.81000600 0.42763800 0.21835400 0.18961200
1 0.92028700 0.56018800 0.15630100 0.27458800
3 0.19495400 0.91253400 0.30771100 0.04687900
3 0.49262200 0.83021600 0.50941200 0.06751100
3 0.21358300 0.79411800 0.41492400 0.14010000
2 0.83911300 0.58652400 0.19968300 0.11815700
1 0.28593200 0.29182400 0.34724000 0.22503100
