3 0.57610900 0.95769900 0.14280800 0.04251400
2 0.85013400 0.88569700 0.29660700 0.07853200
0 0.52233900 0.52349000 0.21266300 0.07324800
4 0.04651600 0.41726300 0.09302100 0.19564700
0 0.53730200 0.95643800 0.07129600 0.06077800
1 0.83894600 0.74279300 0.31898200 0.16835400
0 0.20119500 0.85012700 0.09759000 0.06233100
1 0.20003500 0.80757000 0.08723500 0.04558000
0 0.83589300 0.98571300 0.32508900 0.02440700
1 0.50185300 0.55677300 0.15354700 0.05951400
2 0.81647900 0.84004400 0.33968000 0.14259400
2 0.80919700 0.73020500 0.35363600 0.15713700
1 0.90250700 0.97634600 0.19186200 0.04314000
1 0.53194500 0.85050500 0.09757300 0.07071300
5 0.90321300 0.88290800 0.19044800 0.03103000
5 0.05638300 0.33265300 0.11276000 0.25381800
4 0.08701900 0.36988000 0.17403200 0.27704800
3 0.66255500 0.93914200 0.31867300 0.09034900
3 0.18862200 0.97656400 0.15082200 0.04270500
3 0.58790500 0.91981600 0.17893100 0.02905300
1 0.51879500 0.57328100 0.18999600 0.09967900
