2 0.60448100 0.88879300 0.13954700 0.03663500
4 0.53037200 0.86612400 0.16571400 0.01792700
5 0.35354000 0.96634900 0.06732400 0.04692800
2 0.57559200 0.83194100 0.14683700 0.04906600
2 0.55604100 0.84848600 0.14547900 0.03392500
4 0.59188700 0.83344400 0.15070400 0.01985300
1 0.56067500 0.82947600 0.15973300 0.02920400
0 0.54805800 0.77316500 0.13597700 0.03709500
3 0.35259100 0.93773900 0.07051000 0.01865100
2 0.47461300 0.82049700 0.15692900 0.05510900
1 0.62242300 0.85612500 0.12545700 0.05684000
3 0.59051100 0.86737300 0.12622400 0.04028900
3 0.35349500 0.95917300 0.06475900 0.05976300
1 0.33713000 0.92977100 0.05847500 0.06171400
2 0.50496900 0.91425900 0.16330000 0.04470700
3 0.52557300 0.93462900 0.15564400 0.05274500
4 0.54535700 0.83266500 0.15326400 0.02053700
0 0.58075000 0.84728000 0.12842200 0.03923600
4 0.55266800 0.84471300 0.15625600 0.05001500
4 0.53387000 0.81651500 0.16931900 0.04999800
1 0.59164000 0.86172100 0.15086100 0.04206800
3 0.57815200 0.84301500 0.14073800 0.07077600
